# E(Ryd) fnu(erg/s/Hz/cm^2)
0.01 8.147259170388e-41
0.01013925 8.147080263096e-41
0.01028045 8.146901355804e-41
0.01042361 8.146715822315999e-41
0.01056876 8.146530288828e-41
0.01071593 8.146338129144e-41
0.01086516 8.14614596946e-41
0.01101646 8.145953809776e-41
0.01116987 8.145755023896e-41
0.01132541 8.145556238015999e-41
0.01148312 8.14535082594e-41
0.01164303 8.145145413864e-41
0.01180517 8.144940001788e-41
0.01196956 8.144727963516e-41
0.01213624 8.144509299047999e-41
0.01230524 8.144290634579999e-41
0.0124766 8.144071970112e-41
0.01265034 8.143846679448e-41
0.0128265 8.143621388783999e-41
0.01300511 8.143389471924e-41
0.01318621 8.143157555064e-41
0.01336984 8.142919012007999e-41
0.01355602 8.142680468952e-41
0.01374479 8.142441925896e-41
0.01393619 8.142190130448e-41
0.01413026 8.141944961196e-41
0.01432703 8.141686539552e-41
0.01452654 8.141434744104e-41
0.01472883 8.141169696264e-41
0.01493393 8.140911274620001e-41
0.01514189 8.140639600584e-41
0.01535275 8.140367926548e-41
0.01556654 8.140096252512e-41
0.01578331 8.139811326084e-41
0.0160031 8.139533025852e-41
0.01622595 8.139248099424e-41
0.01645191 8.1389565468e-41
0.01668101 8.13865836798e-41
0.0169133 8.138360189159999e-41
0.01714882 8.138055384144e-41
0.01738762 8.137750579128e-41
0.01762975 8.137439147916001e-41
0.01787526 8.137121090508e-41
0.01812418 8.1368030331e-41
0.01837656 8.136478349496e-41
0.01863246 8.136147039696e-41
0.01889193 8.135815729896e-41
0.01915501 8.1354777939e-41
0.01942175 8.135133231708e-41
0.0196922 8.134782043319999e-41
0.01996642 8.134430854931999e-41
0.02024447 8.134073040348e-41
0.02052638 8.133708599568e-41
0.02081222 8.133344158787999e-41
0.02110203 8.132973091811999e-41
0.02139589 8.13259539864e-41
0.02169384 8.132211079272e-41
0.02199593 8.131820133708e-41
0.02230223 8.131429188144001e-41
0.0226128 8.131024990188e-41
0.02292769 8.130620792232e-41
0.02324697 8.130209968080001e-41
0.02357069 8.129799143928e-41
0.02389893 8.129375067384e-41
0.02423173 8.128944364644e-41
0.02456916 8.128513661903999e-41
0.0249113 8.128076332968e-41
0.0252582 8.12762575164e-41
0.02560993 8.127175170312e-41
0.02596656 8.126717962787999e-41
0.02632815 8.126254129068e-41
0.02669478 8.125783669151999e-41
0.02706652 8.12530658304e-41
0.02744343 8.124816244536e-41
0.02782559 8.124325906031999e-41
0.02821308 8.123828941332e-41
0.02860596 8.123325350435999e-41
0.0290043 8.122815133344e-41
0.0294082 8.122298290055999e-41
0.02981772 8.121768194376e-41
0.03023295 8.121238098695999e-41
0.03065395 8.120694750624e-41
0.03108082 8.120144776355999e-41
0.03151363 8.119588175892e-41
0.03195248 8.119024949232e-41
0.03239743 8.118455096375999e-41
0.03284857 8.117878617323999e-41
0.033306 8.117288885879999e-41
0.0337698 8.11669252824e-41
0.03424006 8.116089544404e-41
0.03471687 8.115479934372e-41
0.03520031 8.114857071948001e-41
0.03569049 8.114227583327999e-41
0.0361875 8.113591468512e-41
0.03669142 8.1129487275e-41
0.03720237 8.112292734096e-41
0.03772042 8.1116234883e-41
0.0382457 8.110954242503999e-41
0.03877828 8.110271744316e-41
0.03931829 8.109575993736e-41
0.03986581 8.10887361696e-41
0.04042096 8.108164613987999e-41
0.04098384 8.107442358624e-41
0.04155455 8.106706850868e-41
0.04213322 8.105964716916e-41
0.04271994 8.105215956767999e-41
0.04331483 8.104453944228e-41
0.04391801 8.103678679295999e-41
0.04452959 8.102896788168e-41
0.04514968 8.102101644648e-41
0.04577841 8.101293248736e-41
0.04641589 8.100478226628e-41
0.04706225 8.099649952128e-41
0.04771761 8.098808425236e-41
0.0483821 8.097960272148e-41
0.04905584 8.097098866667999e-41
0.04973896 8.096224208796e-41
0.05043159 8.095336298532e-41
0.05113388 8.094435135876e-41
0.05184594 8.093527347023999e-41
0.05256791 8.092599679583999e-41
0.05329994 8.091665385948e-41
0.05404216 8.090717839919999e-41
0.05479472 8.089750415304e-41
0.05555776 8.088776364492e-41
0.05633143 8.087789061288e-41
0.05711586 8.086781879495999e-41
0.05791123 8.085768071508e-41
0.05871766 8.084734384932e-41
0.05953533 8.083687445964001e-41
0.06036439 8.082627254604e-41
0.06120498 8.081553810852e-41
0.06205729 8.080467114707999e-41
0.06292146 8.079360539975999e-41
0.06379767 8.078240712852001e-41
0.06468608 8.077107633335999e-41
0.06558686 8.075954675232e-41
0.06650018 8.074788464736e-41
0.06742622 8.073609001848e-41
0.06836516 8.072409660372e-41
0.06931717 8.071197066503999e-41
0.07028244 8.069964594048e-41
0.07126115 8.068712243004e-41
0.07225349 8.067446639568e-41
0.07325965 8.06616778374e-41
0.07427982 8.064862423128e-41
0.0753142 8.063543810123999e-41
0.07636298 8.062205318531999e-41
0.07742637 8.060853574548e-41
0.07850456 8.05947532578e-41
0.07959777 8.05808382462e-41
0.0807062 8.056672444872e-41
0.08183007 8.055241186536e-41
0.08296959 8.053790049612e-41
0.08412497 8.052319034099999e-41
0.08529644 8.05082814e-41
0.08648423 8.049310741115999e-41
0.08768856 8.04778008984e-41
0.08890966 8.046229559976e-41
0.09014776 8.044652525328e-41
0.09140311 8.043055612092e-41
0.09267593 8.041438820268e-41
0.09396648 8.03979552366e-41
0.095275 8.038132348464e-41
0.09660175 8.036442668483999e-41
0.09794697 8.034733109916e-41
0.09931092 8.03300367276e-41
0.1006939 8.03124773082e-41
0.1020961 8.029465284096e-41
0.1035178 8.027662958783999e-41
0.1049593 8.025827502492e-41
0.1064209 8.023978793808e-41
0.1079029 8.022096954144e-41
0.1094055 8.020188609696e-41
0.110929 8.018260386659999e-41
0.1124737 8.016299032643999e-41
0.11404 8.014311173844e-41
0.115628 8.012303436456e-41
0.1172382 8.010262568088e-41
0.1188708 8.008195194935999e-41
0.1205261 8.006094690804e-41
0.1222045 8.003974308084e-41
0.1239062 8.001820794384e-41
0.1256317 7.999634149704e-41
0.1273811 7.997421000239999e-41
0.129155 7.995181345992e-41
0.1309535 7.992908560764e-41
0.1327771 7.990602644556e-41
0.1346261 7.988263597368e-41
0.1365008 7.985898045396e-41
0.1384016 7.983499362443999e-41
0.1403289 7.981067548512e-41
0.142283 7.978595977404e-41
0.1442644 7.976097901512e-41
0.1462733 7.97356669464e-41
0.1483103 7.970995730592e-41
0.1503755 7.968391635564e-41
0.1524696 7.965754409556e-41
0.1545928 7.963084052568e-41
0.1567455 7.960373938404e-41
0.1589283 7.957624067063999e-41
0.1611414 7.954841064744e-41
0.1633854 7.952018305248e-41
0.1656606 7.949155788575999e-41
0.1679675 7.946260140924e-41
0.1703065 7.9433181099e-41
0.1726781 7.940342947896e-41
0.1750827 7.93732140252e-41
0.1775208 7.934260099968e-41
0.1799929 7.931159040239999e-41
0.1824993 7.928018223336e-41
0.1850407 7.92483102306e-41
0.1876175 7.921604065608e-41
0.1902301 7.918330724783999e-41
0.1928792 7.915017626784e-41
0.1955651 7.911651519216e-41
0.1982884 7.908245654471999e-41
0.2010496 7.904793406356e-41
0.2038493 7.901294774867999e-41
0.206688 7.897749760008e-41
0.2095662 7.894158361775999e-41
0.2124845 7.890513953976e-41
0.2154435 7.886823162804e-41
0.2184436 7.883079362064e-41
0.2214855 7.879289177952e-41
0.2245698 7.875445984272e-41
0.227697 7.87155640722e-41
0.2308678 7.867607194404e-41
0.2340827 7.863611598216e-41
0.2373424 7.859556366263999e-41
0.2406475 7.855448124744e-41
0.2439986 7.851286873656e-41
0.2473964 7.847072612999999e-41
0.2508415 7.84279871658e-41
0.2543346 7.838465184396e-41
0.2578763 7.834078642644e-41
0.2614673 7.829625838932e-41
0.2651084 7.825120025652e-41
0.2688001 7.820554576607999e-41
0.2725433 7.8159294918e-41
0.2763385 7.811238145032e-41
0.2801867 7.806487162499999e-41
0.2840884 7.801669918008e-41
0.2880444 7.796793037751999e-41
0.2920556 7.79184326934e-41
0.2961225 7.786833865164e-41
0.3002462 7.781758199028e-41
0.3044272 7.776616270932001e-41
0.3086665 7.771408080876e-41
0.3129648 7.766127002663999e-41
0.317323 7.760773036296e-41
0.3217418 7.755352807968001e-41
0.3262222 7.749859691484e-41
0.330765 7.744293686844e-41
0.335371 7.738654794048e-41
0.3400412 7.732943013095999e-41
0.3447764 7.727151717792e-41
0.3495776 7.721287534332e-41
0.3544456 7.715350462715999e-41
0.3593814 7.709327250551999e-41
0.3643859 7.703231150232e-41
0.3694601 7.697048909364e-41
0.374605 7.690787154144e-41
0.3798215 7.684445884572e-41
0.3851107 7.678025100647999e-41
0.3904735 7.67151154998e-41
0.395911 7.664918484959999e-41
0.4014242 7.658239279392e-41
0.4070142 7.651473933276e-41
0.4126821 7.644615820416e-41
0.4184289 7.637678193204e-41
0.4242556 7.630641173052e-41
0.4301636 7.623511386155999e-41
0.4361538 7.616295458711999e-41
0.4422274 7.608986764524e-41
0.4483856 7.601578677396e-41
0.4546295 7.594077823524e-41
0.4609604 7.586477576712e-41
0.4673795 7.578777936959999e-41
0.473888 7.570985530463999e-41
0.480487 7.563087104832e-41
0.487178 7.55508928626e-41
0.4939622 7.546985448551999e-41
0.5008408 7.538782217903999e-41
0.5078152 7.53047296812e-41
0.5148867 7.522057699199999e-41
0.5220568 7.513529784947999e-41
0.5293266 7.50489585156e-41
0.5366977 7.496155899035999e-41
0.5441714 7.48730330118e-41
0.5517492 7.478331431796e-41
0.5594326 7.469253543275999e-41
0.5672229 7.460056383228e-41
0.5751217 7.450746577848e-41
0.5831305 7.441310874744e-41
0.5912508 7.431762526308e-41
0.5994843 7.422094906344e-41
0.6078323 7.412301388655999e-41
0.6162966 7.40238859944e-41
0.6248788 7.3923499125e-41
0.6335805 7.382178701639999e-41
0.6424034 7.371888219251999e-41
0.6513491 7.361465212944e-41
0.6604194 7.350916308912001e-41
0.669616 7.34023488096e-41
0.6789407 7.329414302892e-41
0.6883952 7.3184678271e-41
0.6979814 7.307382201192e-41
0.7077011 7.296157425168e-41
0.7175561 7.284793499027999e-41
0.7275484 7.273290422772e-41
0.7376798 7.261648196399999e-41
0.7479523 7.249860193716e-41
0.7583678 7.237933040916e-41
0.7689284 7.225853485608e-41
0.779636 7.213628153987999e-41
0.7904928 7.201257046056e-41
0.8015007 7.188726909420001e-41
0.8126619 7.176050996472e-41
0.8239786 7.163222681015999e-41
0.8354528 7.150235336856e-41
0.8470868 7.137088963992e-41
0.8588829 7.12379018862e-41
0.8708431 7.110332384544e-41
0.88297 7.096708925568001e-41
0.8952657 7.082919811692e-41
0.9077327 7.068971669112e-41
0.9203732 7.054857871632e-41
0.9331898 7.040571793056e-41
0.9461848 7.026113433384e-41
0.9593608 7.011489418811999e-41
0.9727203 6.996693123144e-41
0.9862658 6.98172454638e-41
1.0 6.966577062324e-41
1.013925 6.951250670976e-41
1.028045 6.935745372336e-41
1.042361 6.920061166404e-41
1.056876 6.90419805318e-41
1.071593 6.888149406467999e-41
1.086516 6.871908600072e-41
1.101646 6.855488886384e-41
1.116987 6.838877013012e-41
1.132541 6.822072979956e-41
1.148312 6.805083413412e-41
1.164303 6.787895060988e-41
1.180517 6.77051454888e-41
1.196956 6.752935250892e-41
1.213624 6.735157167024e-41
1.230524 6.717180297276e-41
1.24766 6.699004641648e-41
1.265034 6.680623573944e-41
1.28265 6.662037094163999e-41
1.300511 6.643251828504e-41
1.318621 6.6242498862348e-41
1.336984 6.605042531889599e-41
1.355602 6.5856244645116e-41
1.374479 6.565993696242e-41
1.393619 6.546149564461201e-41
1.413026 6.52609074393e-41
1.432703 6.505815246789599e-41
1.452654 6.4853210851812e-41
1.472883 6.4646082591048e-41
1.493393 6.443674118082e-41
1.514189 6.422517336873599e-41
1.535275 6.40113725286e-41
1.556654 6.379531878182399e-41
1.578331 6.3577005502212e-41
1.60031 6.3356412811176e-41
1.622595 6.3133527456324e-41
1.645191 6.290834281146e-41
1.668101 6.2680838997996e-41
1.69133 6.2451009389736e-41
1.714882 6.2218840734288e-41
1.738762 6.1984313153064e-41
1.762975 6.1747426646064e-41
1.787526 6.1508167960896e-41
1.812418 6.1266523845168e-41
1.837656 6.1022481046488e-41
1.863246 6.077603293866e-41
1.889193 6.0527172895488e-41
1.915501 6.027588103838399e-41
1.942175 6.0022163993544e-41
1.96922 5.9765995256184e-41
1.996642 5.950738145249999e-41
2.024447 5.9246302703904e-41
2.052638 5.898276563659201e-41
2.081222 5.8716750371976e-41
2.110203 5.844825691005599e-41
2.139589 5.8177278624636e-41
2.169384 5.790380888952e-41
2.199593 5.7627841078512e-41
2.230223 5.7349375191612e-41
2.26128 5.7068404602624e-41
2.292769 5.6784929311548e-41
2.324697 5.6498942692188e-41
2.357069 5.6210444744544e-41
2.389893 5.5919435468616e-41
2.423173 5.5625908238208e-41
2.456916 5.532986305332e-41
2.49113 5.503131316634401e-41
2.52582 5.4730245324888e-41
2.560993 5.4426666155148e-41
2.596656 5.4120575657124e-41
2.632815 5.381198708320801e-41
2.669478 5.3500893807204e-41
2.706652 5.3187309081504e-41
2.744343 5.2871226279912e-41
2.782559 5.255266528101599e-41
2.821308 5.223162608481599e-41
2.860596 5.1908121943704e-41
2.90043 5.158215285768e-41
2.94082 5.1253738705332e-41
2.981772 5.092287948665999e-41
3.023295 5.0589601706448e-41
3.065395 5.0253905364696e-41
3.108082 4.9915810339992e-41
3.151363 4.9575329884728e-41
3.195248 4.923247725129599e-41
3.239743 4.888727231828399e-41
3.284857 4.853972833808399e-41
3.3306 4.818987181548e-41
3.37698 4.783771600286399e-41
3.424006 4.7483280778824e-41
3.471687 4.712659927434e-41
3.520031 4.6767678115608e-41
3.569049 4.6406550433608e-41
3.61875 4.6043242733124e-41
3.669142 4.567778151894e-41
3.720237 4.531019329584e-41
3.772042 4.4940497942411997e-41
3.82457 4.4568741842028e-41
3.877828 4.4194944873276e-41
3.931829 4.3819146793332e-41
3.986581 4.344137410698e-41
4.042096 4.3061673197592e-41
4.098384 4.2680063943756e-41
4.155455 4.229659935504e-41
4.213322 4.1911312562423994e-41
4.271994 4.1524236696888e-41
4.331483 4.1135424767999996e-41
4.391801 4.0744916532936e-41
4.452959 4.0352751748871995e-41
4.514968 3.9958983425376e-41
4.577841 3.9563657945819997e-41
4.641589 3.9166815067379995e-41
4.706225 3.8768507799624e-41
4.771761 3.836878915212e-41
4.83821 3.7967718760631997e-41
4.905584 3.7565336382336e-41
4.973896 3.7161708279191997e-41
5.043159 3.6756887460768e-41
5.113388 3.6350926936631995e-41
5.184594 3.5943892968744003e-41
5.256791 3.5535845192868e-41
5.329994 3.5126843244768e-41
5.404216 3.4716953386404e-41
5.479472 3.4306241879735996e-41
5.555776 3.3894768360528e-41
5.633143 3.348259909074e-41
5.711586 3.3069813584723996e-41
5.791123 3.2656471478243997e-41
5.871766 3.2242645659456e-41
5.953533 3.1828415642712e-41
6.036439 3.1413847689971997e-41
6.120498 3.0999021315588e-41
6.205729 3.0584009407715995e-41
6.292146 3.0168891480707996e-41
6.379767 2.9753747048916e-41
6.468608 2.9338655626692e-41
6.558686 2.8923690102192e-41
6.650018 2.8508936615964e-41
6.742622 2.8094487934752e-41
6.836516 2.7680410320516e-41
6.931717 2.7266803166195997e-41
7.028244 2.6853739359948e-41
7.126115 2.6441318294712e-41
7.225349 2.6029619484839996e-41
7.325965 2.561872907088e-41
7.427982 2.5208739819575996e-41
7.53142 2.4799737871476e-41
7.636298 2.439182261952e-41
7.742637 2.3985066951864e-41
7.850456 2.3579576887644e-41
7.959777 2.3175438567408e-41
8.07062 2.2772744757899998e-41
8.183007 2.2371581599668e-41
8.296959 2.1972055111848e-41
8.412497 2.1574244808792e-41
8.529644 2.1178243457244e-41
8.648423 2.0784150450144e-41
8.768856 2.0392058554236e-41
8.890966 2.0002060536264e-41
9.014776 1.9614242536775999e-41
9.140311 1.9228697322516e-41
9.267593 1.8845524286424e-41
9.396648 1.8464809569047998e-41
9.5275 1.8086645937131999e-41
9.660175 1.7711126157419998e-41
9.794697 1.7338329744264e-41
9.931092 1.6968356090604e-41
10.06939 1.6601291336987998e-41
10.20961 1.6237214997767999e-41
10.35178 1.5876226465884e-41
10.49593 1.5518405255688e-41
10.64209 1.5163830881532e-41
10.79029 1.4812589483964e-41
10.94055 1.4464760577336e-41
11.0929 1.4120430302196e-41
11.24737 1.3779671546699998e-41
11.404 1.34425638252e-41
11.5628 1.3109173399656001e-41
11.72382 1.2779586410615999e-41
11.88708 1.2453875746235998e-41
12.05261 1.2132094416084e-41
12.22045 1.1814321934511998e-41
12.39062 1.150062456348e-41
12.56317 1.1191061938752e-41
12.73811 1.0885693696092e-41
12.9155 1.0584572845068e-41
13.09535 1.0287772273836e-41
13.27771 9.995331739572e-42
13.46261 9.707297625648e-42
13.65008 9.423736194023999e-42
13.84016 9.144673949483999e-42
14.03289 8.870163901596e-42
14.2283 8.600245807536e-42
14.42644 8.334952798284e-42
14.62733 8.07431800482e-42
14.83103 7.818374558124e-42
15.03755 7.567148962979999e-42
15.24696 7.320667724172e-42
15.45928 7.078950720287999e-42
15.67455 6.842011203719999e-42
15.89283 6.609869715675599e-42
16.11414 6.3825355328292e-42
16.33854 6.1600172692356e-42
16.56606 5.942319563232e-42
16.79675 5.7294437400576e-42
17.03065 5.5213884744732e-42
17.26781 5.3181484655219994e-42
17.50827 5.1197150991491994e-42
17.75208 4.926076448202e-42
17.99929 4.7372172724296e-42
18.24993 4.5531196811028e-42
18.50407 4.3737618077747995e-42
18.76175 4.1991178102812e-42
19.02301 4.0291611838379995e-42
19.28792 3.8638594600848e-42
19.55651 3.703178845422e-42
19.82884 3.5470809079128e-42
20.10496 3.3955265530008e-42
20.38493 3.2484713851728e-42
20.6688 3.1058690210567996e-42
20.95662 2.9676717520415996e-42
21.24845 2.8338265685592002e-42
21.54435 2.7042791358024e-42
21.84436 2.5789731311052e-42
22.14855 2.4578495813231998e-42
22.45698 2.3408455375944e-42
22.7697 2.2278973884371997e-42
23.08678 2.1189395345111998e-42
23.40827 2.0139037259975998e-42
23.73424 1.9127203878384e-42
24.06475 1.8153166318776e-42
24.39986 1.7216195699592e-42
24.73964 1.6315543260684e-42
25.08415 1.5450440363316e-42
25.43346 1.4620118368752e-42
25.78763 1.3823775507276e-42
26.14673 1.3060616635368e-42
26.51084 1.2329839983311999e-42
26.88001 1.1630617276607999e-42
27.25433 1.0962133493148e-42
27.63385 1.0323560358432e-42
28.01867 9.714062971764e-43
28.40884 9.132806432448e-43
28.80444 8.578955839788e-43
29.20556 8.051676293088e-43
29.61225 7.550132891652e-43
30.02462 7.07349736098e-43
30.44272 6.6209288367996e-43
30.86665 6.1916149474811996e-43
31.29648 5.7847360325796e-43
31.7323 5.399481708324e-43
32.17418 5.0350502049984e-43
32.62222 4.6906483669416e-43
33.0765 4.3654949656452e-43
33.5371 4.0588187118948006e-43
34.00412 3.7698602436288e-43
34.47764 3.4978747764168e-43
34.95776 3.2421294529812e-43
35.44456 3.0019073189147997e-43
35.93814 2.7765059974415997e-43
36.43859 2.5652396772756e-43
36.94601 2.3674377873815996e-43
37.4605 2.1824483100732e-43
37.98215 2.009635793154e-43
38.51107 1.8483826751568e-43
39.04735 1.698088622724e-43
39.5911 1.5581745063252e-43
40.14242 1.42807776192e-43
40.70142 1.3072543788168e-43
41.26821 1.1951815501512e-43
41.84289 1.091354359788e-43
42.42556 9.952857823212e-44
43.01636 9.065099961719999e-44
43.61538 8.245790704907999e-44
44.22274 7.49064953016e-44
44.83856 6.79556156976e-44
45.46295 6.1566213437856e-44
46.09604 5.5700916776928e-44
46.73795 5.0324189425668e-44
47.3888 4.5402244410672e-44
48.0487 4.0903024195691997e-44
48.7178 3.6796147672068e-44
49.39622 3.3052883653944e-44
50.08408 2.9646104494896e-44
50.78152 2.655020657358e-44
51.48867 2.3741123546124e-44
52.20568 2.1196213700795998e-44
52.93266 1.8894246705612e-44
53.66977 1.6815337346376e-44
54.41714 1.4940892517112e-44
55.17492 1.3253571462887998e-44
55.94326 1.1737199639267999e-44
56.72229 1.0376742207528e-44
57.51217 9.158257651284e-45
58.31305 8.068798383552e-45
59.12508 7.096417372944e-45
59.94843 6.230070738586799e-45
60.78323 5.4595799808047994e-45
61.62966 4.7755902360851994e-45
62.48788 4.1695132917924e-45
63.35805 3.633481202796e-45
64.24034 3.1602992454792e-45
65.13491 2.743404172704e-45
66.04194 2.3768165052e-45
66.9616 2.0551060753452e-45
67.89407 1.7733443185548e-45
68.83952 1.5270744553992e-45
69.79814 1.3122697465691998e-45
70.77011 1.1253023497548e-45
71.75561 9.629101886652e-46
72.75484 8.221664725271999e-46
73.76798 7.00451866062e-46
74.79523 5.9542586431848e-46
75.83678 5.0500386603504e-46
76.89284 4.2733212661872e-46
77.9636 3.6076668684192e-46
79.04928 3.0385276537283998e-46
80.15007 2.5530640421256e-46
81.26619 2.1399684301368e-46
82.39786 1.7893101378168e-46
83.54528 1.4923869819588e-46
84.70868 1.2415954026528e-46
85.88829 1.0303052281812e-46
87.08431 8.527536558828e-47
88.297 7.039432087344e-47
89.52657 5.795510889895199e-47
90.77327 4.7584973008836e-47
92.03732 3.8963298083435996e-47
93.31898 3.181505060538e-47
94.61848 2.5905007242864e-47
95.93608 2.1032553285792e-47
97.27203 1.7027084065752e-47
98.62658 1.3743923219280002e-47
100.0 1.1060777673e-47
101.3925 8.874570321936001e-48
102.8045 7.098670279584e-48
104.2361 5.6605200371244e-48
105.6876 4.4995236947567996e-48
107.1593 3.565238010192e-48
108.6516 2.8158072911567997e-48
110.1646 2.216614964508e-48
111.6987 1.7391239919324e-48
113.2541 1.3598895667428e-48
114.8312 1.0597149365076e-48
116.4303 8.229364365024e-49
118.0517 6.3681606632268e-49
119.6956 4.9103359196039994e-49
121.3624 3.7725597558792e-49
123.0524 2.8877995854575998e-49
124.766 2.202325572834e-49
126.5034 1.6732364120064e-49
128.265 1.2664012299984e-49
130.0511 9.547745452164e-50
131.8621 7.1700410367e-50
133.6984 5.363037630324e-50
135.5602 3.9952476500904e-50
137.4479 2.9641214362248e-50
139.3619 2.1899942220779997e-50
141.3026 1.6112364212736e-50
143.2703 1.1803739899499999e-50
145.2654 8.609900175108e-51
147.2883 6.252712450318799e-51
149.3393 4.5206844516827995e-51
151.4189 3.2537060800127995e-51
153.5275 2.3311143061487998e-51
155.6654 1.6623873412955998e-51
157.8331 1.1799293721984e-51
