# E(Ryd) fnu(erg/s/Hz/cm^2)
0.01 2.5800598272491997e-41
0.01013925 2.5800545262924e-41
0.01028045 2.580048562716e-41
0.01042361 2.5800425991396e-41
0.01056876 2.5800366355632e-41
0.01071593 2.5800306719868e-41
0.01086516 2.5800247084104e-41
0.01101646 2.580018744834e-41
0.01116987 2.580012118638e-41
0.01132541 2.5800061550615996e-41
0.01148312 2.5799995288656e-41
0.01164303 2.5799929026696e-41
0.01180517 2.5799862764736e-41
0.01196956 2.5799796502776e-41
0.01213624 2.5799730240816e-41
0.01230524 2.579965735266e-41
0.0124766 2.57995910907e-41
0.01265034 2.5799518202544e-41
0.0128265 2.5799445314387995e-41
0.01300511 2.5799372426232e-41
0.01318621 2.5799299538075997e-41
0.01336984 2.579922664992e-41
0.01355602 2.5799147135568e-41
0.01374479 2.5799074247412e-41
0.01393619 2.579899473306e-41
0.01413026 2.5798915218708e-41
0.01432703 2.5798835704356e-41
0.01452654 2.5798756190004003e-41
0.01472883 2.5798670049456e-41
0.01493393 2.5798590535104e-41
0.01514189 2.5798504394556e-41
0.01535275 2.5798418254008e-41
0.01556654 2.579833211346e-41
0.01578331 2.5798239346716e-41
0.0160031 2.5798153206168e-41
0.01622595 2.5798060439424e-41
0.01645191 2.5797967672679995e-41
0.01668101 2.5797874905936e-41
0.0169133 2.5797782139191997e-41
0.01714882 2.5797682746252e-41
0.01738762 2.5797583353311996e-41
0.01762975 2.5797490586568e-41
0.01787526 2.5797384567431996e-41
0.01812418 2.5797285174492e-41
0.01837656 2.5797185781551996e-41
0.01863246 2.5797079762416003e-41
0.01889193 2.579697374328e-41
0.01915501 2.5796867724143995e-41
0.01942175 2.5796755078812e-41
0.0196922 2.5796649059676e-41
0.01996642 2.5796536414344e-41
0.02024447 2.5796423769011997e-41
0.02052638 2.5796304497483996e-41
0.02081222 2.5796191852152e-41
0.02110203 2.5796072580624e-41
0.02139589 2.5795953309096e-41
0.02169384 2.5795827411372e-41
0.02199593 2.5795708139844e-41
0.02230223 2.5795582242119997e-41
0.0226128 2.5795456344396e-41
0.02292769 2.5795323820475997e-41
0.02324697 2.5795197922752e-41
0.02357069 2.5795065398831997e-41
0.02389893 2.5794932874912e-41
0.02423173 2.5794793724796e-41
0.02456916 2.579465457468e-41
0.0249113 2.5794515424564e-41
0.0252582 2.5794376274448e-41
0.02560993 2.5794230498136e-41
0.02596656 2.5794084721824e-41
0.02632815 2.5793938945512004e-41
0.02669478 2.57937931692e-41
0.02706652 2.5793640766692e-41
0.02744343 2.5793481737988e-41
0.02782559 2.579332933548e-41
0.02821308 2.5793170306776e-41
0.02860596 2.5793011278072e-41
0.0290043 2.5792845623171997e-41
0.0294082 2.5792679968272e-41
0.02981772 2.5792514313372e-41
0.03023295 2.5792348658472e-41
0.03065395 2.5792176377376e-41
0.03108082 2.579200409628e-41
0.03151363 2.5791825188988e-41
0.03195248 2.5791646281696e-41
0.03239743 2.5791460748208e-41
0.03284857 2.5791281840916e-41
0.033306 2.5791096307428e-41
0.0337698 2.5790904147744e-41
0.03424006 2.5790711988059996e-41
0.03471687 2.5790519828376e-41
0.03520031 2.5790321042496e-41
0.03569049 2.5790122256616e-41
0.0361875 2.578991684454e-41
0.03669142 2.5789711432464e-41
0.03720237 2.5789506020388e-41
0.03772042 2.5789293982116e-41
0.0382457 2.5789081943844e-41
0.03877828 2.5788863279376e-41
0.03931829 2.5788637988712e-41
0.03986581 2.5788419324243995e-41
0.04042096 2.578819403358e-41
0.04098384 2.578796211672e-41
0.04155455 2.578773019986e-41
0.04213322 2.5787491656804e-41
0.04271994 2.5787253113747997e-41
0.04331483 2.5787014570691996e-41
0.04391801 2.5786762775244e-41
0.04452959 2.5786517605992e-41
0.04514968 2.5786265810544e-41
0.04577841 2.57860073889e-41
0.04641589 2.5785748967256003e-41
0.04706225 2.5785483919416e-41
0.04771761 2.5785218871575996e-41
0.0483821 2.578494719754e-41
0.04905584 2.5784668897308e-41
0.04973896 2.5784390597076003e-41
0.05043159 2.5784112296844e-41
0.05113388 2.578382074422e-41
0.05184594 2.5783535817791997e-41
0.05256791 2.5783237638972e-41
0.05329994 2.5782939460152e-41
0.05404216 2.5782634655135997e-41
0.05479472 2.578232985012e-41
0.05555776 2.5782018418907996e-41
0.05633143 2.5781706987696e-41
0.05711586 2.5781382304092e-41
0.05791123 2.5781057620488e-41
0.05871766 2.5780732936884e-41
0.05953533 2.5780395000888e-41
0.06036439 2.5780057064891997e-41
0.06120498 2.5779719128896e-41
0.06205729 2.5779367940508e-41
0.06292146 2.5779016752120003e-41
0.06379767 2.5778658937535997e-41
0.06468608 2.5778301122951997e-41
0.06558686 2.5777930055976e-41
0.06650018 2.5777558988999997e-41
0.06742622 2.5777181295827997e-41
0.06836516 2.577679697646e-41
0.06931717 2.5776412657092e-41
0.07028244 2.5776015085332e-41
0.07126115 2.5775617513572003e-41
0.07225349 2.5775213315616e-41
0.07325965 2.5774802491463997e-41
0.07427982 2.5774385041115997e-41
0.0753142 2.5773967590768e-41
0.07636298 2.5773536888028e-41
0.07742637 2.5773106185287997e-41
0.07850456 2.5772662230156e-41
0.07959777 2.5772218275024e-41
0.0807062 2.5771767693696e-41
0.08183007 2.5771310486171996e-41
0.08296959 2.5770846652451997e-41
0.08412497 2.5770376192536e-41
0.08529644 2.5769899106424e-41
0.08648423 2.5769415394116e-41
0.08768856 2.5768925055612e-41
0.08890966 2.5768428090911997e-41
0.09014776 2.5767917873819995e-41
0.09140311 2.5767407656728e-41
0.09267593 2.5766890813439997e-41
0.09396648 2.5766367343956e-41
0.095275 2.5765830622079997e-41
0.09660175 2.5765287274008e-41
0.09794697 2.5764743925936e-41
0.09931092 2.5764187325472e-41
0.1006939 2.5763624098811995e-41
0.1020961 2.5763054245956e-41
0.1035178 2.5762471140708e-41
0.1049593 2.576188803546e-41
0.1064209 2.576129167782e-41
0.1079029 2.5760688693984e-41
0.1094055 2.5760072457756e-41
0.110929 2.5759456221528e-41
0.1124737 2.5758826732908e-41
0.11404 2.5758183991896e-41
0.115628 2.5757541250884e-41
0.1172382 2.5756885257479996e-41
0.1188708 2.5756216011684e-41
0.1205261 2.5755546765887996e-41
0.1222045 2.5754857641504003e-41
0.1239062 2.575416851712e-41
0.1256317 2.5753466140344e-41
0.1273811 2.5752750511176e-41
0.129155 2.5752028255811996e-41
0.1309535 2.5751299374252e-41
0.1327771 2.57505572403e-41
0.1346261 2.5749801853956e-41
0.1365008 2.5749039841416e-41
0.1384016 2.5748264576484e-41
0.1403289 2.5747482685356e-41
0.142283 2.5746687541836e-41
0.1442644 2.5745879145924e-41
0.1462733 2.574505749762e-41
0.1483103 2.574422922312e-41
0.1503755 2.5743387696228e-41
0.1524696 2.5742539543139996e-41
0.1545928 2.5741671511464e-41
0.1567455 2.5740796853591997e-41
0.1589283 2.5739908943328e-41
0.1611414 2.5739007780672e-41
0.1633854 2.5738093365624e-41
0.1656606 2.5737165698184e-41
0.1679675 2.5736231404548e-41
0.1703065 2.5735277232324e-41
0.1726781 2.5734309807708e-41
0.1750827 2.5733335756896e-41
0.1775208 2.5732341827496e-41
0.1799929 2.5731334645704e-41
0.1824993 2.573031421152e-41
0.1850407 2.5729280524944004e-41
0.1876175 2.5728233585975996e-41
0.1902301 2.5727166768420003e-41
0.1928792 2.5726093324668e-41
0.1955651 2.5725000002328e-41
0.1982884 2.5723893427595997e-41
0.2010496 2.5722766974276e-41
0.2038493 2.5721627268564e-41
0.206688 2.572047431046e-41
0.2095662 2.5719301473768e-41
0.2124845 2.5718115384684e-41
0.2154435 2.5716916043208003e-41
0.2184436 2.5715696823144003e-41
0.2214855 2.5714457724492e-41
0.2245698 2.5713205373448e-41
0.227697 2.5711933143816e-41
0.2308678 2.5710641035596003e-41
0.2340827 2.5709335674984e-41
0.2373424 2.5708010435784e-41
0.2406475 2.5706665317996003e-41
0.2439986 2.570530032162e-41
0.2473964 2.5703922072852e-41
0.2508415 2.5702523945496e-41
0.2543346 2.5701099313356e-41
0.2578763 2.5699661428823996e-41
0.2614673 2.5698203665704e-41
0.2651084 2.5696726023995995e-41
0.2688001 2.5695221877503997e-41
0.2725433 2.5693704478619997e-41
0.2763385 2.5692160574952e-41
0.2801867 2.5690596792696e-41
0.2840884 2.5689013131852e-41
0.2880444 2.5687402966224e-41
0.2920556 2.5685772922008e-41
0.2961225 2.5684122999204e-41
0.3002462 2.5682446571616e-41
0.3044272 2.568075026544e-41
0.3086665 2.567902745448e-41
0.3129648 2.5677284764932e-41
0.317323 2.56755155706e-41
0.3217418 2.5673719871484e-41
0.3262222 2.5671904293779997e-41
0.330765 2.5670055585096e-41
0.335371 2.5668186997823997e-41
0.3400412 2.5666291905768e-41
0.3447764 2.5664370308928e-41
0.3495776 2.5662422207304e-41
0.3544456 2.5660447600896e-41
0.3593814 2.5658439863508e-41
0.3643859 2.5656412247532e-41
0.3694601 2.5654351500576e-41
0.374605 2.5652264248836e-41
0.3798215 2.5650150492312e-41
0.3851107 2.5648003604808e-41
0.3904735 2.5645830212519997e-41
0.395911 2.5643623689252e-41
0.4014242 2.56413906612e-41
0.4070142 2.5639124502168e-41
0.4126821 2.5636825212156e-41
0.4184289 2.5634492791164e-41
0.4242556 2.5632133865387994e-41
0.4301636 2.5629735182436e-41
0.4361538 2.5627309994699996e-41
0.4422274 2.5624851675984e-41
0.4483856 2.5622353600092e-41
0.4546295 2.5619822393219995e-41
0.4609604 2.5617258055367997e-41
0.4673795 2.5614660586536e-41
0.473888 2.5612023360528e-41
0.480487 2.560935300354e-41
0.487178 2.5606642889376e-41
0.4939622 2.5603893018036e-41
0.5008408 2.5601110015716e-41
0.5078152 2.559828725622e-41
0.5148867 2.5595424739548e-41
0.5220568 2.5592522465699997e-41
0.5293266 2.5589580434676e-41
0.5366977 2.5586598646476e-41
0.5441714 2.5583570474904e-41
0.5517492 2.5580509172352e-41
0.5594326 2.5577394860231997e-41
0.5672229 2.5574247417132e-41
0.5751217 2.557105359066e-41
0.5831305 2.5567813380816e-41
0.5912508 2.5564533413796e-41
0.5994843 2.5561200437208e-41
0.6078323 2.5557827703444e-41
0.6162966 2.5554408586308e-41
0.6248788 2.5550943085799997e-41
0.6335805 2.5547424575724e-41
0.6424034 2.5543859682276e-41
0.6513491 2.5540248405456003e-41
0.6604194 2.5536584119067995e-41
0.669616 2.5532866823111995e-41
0.6789407 2.5529103143784e-41
0.6883952 2.5525286454887997e-41
0.6979814 2.5521416756424e-41
0.7077011 2.5517494048391997e-41
0.7175561 2.5513518330791997e-41
0.7275484 2.5509489603624e-41
0.7376798 2.5505401240692e-41
0.7479523 2.5501259868192e-41
0.7583678 2.5497058859928e-41
0.7689284 2.5492798215899997e-41
0.779636 2.5488484562304e-41
0.7904928 2.5484111272944e-41
0.8015007 2.5479671721623997e-41
0.8126619 2.5475179160735996e-41
0.8239786 2.5470620337887997e-41
0.8354528 2.546599525308e-41
0.8470868 2.5461310532508e-41
0.8588829 2.5456559549976e-41
0.8708431 2.545174893168e-41
0.88297 2.5446865425227997e-41
0.8952657 2.5441922283012e-41
0.9077327 2.543690625264e-41
0.9203732 2.5431823960308e-41
0.9331898 2.542666877982e-41
0.9461848 2.5421440711176e-41
0.9593608 2.5416146380572e-41
0.9727203 2.5410779161811997e-41
0.9862658 2.54053324287e-41
1.0 2.5399819433628e-41
1.013925 2.5394226924204e-41
1.028045 2.5388554900428e-41
1.042361 2.5382809988496e-41
1.056876 2.5376978936016e-41
1.071593 2.5371074995380003e-41
1.086516 2.5365091540392e-41
1.101646 2.5359021944856e-41
1.116987 2.5352872834968003e-41
1.132541 2.5346637584532e-41
1.148312 2.5340316193548e-41
1.164303 2.5333908662016004e-41
1.180517 2.5327414989936e-41
1.196956 2.5320828551111997e-41
1.213624 2.5314155971739996e-41
1.230524 2.5307390625624e-41
1.24766 2.5300532512764e-41
1.265034 2.529358163316e-41
1.28265 2.5286537986812e-41
1.300511 2.5279394947524e-41
1.318621 2.5272159141492e-41
1.336984 2.5264817316324e-41
1.355602 2.5257382724412e-41
1.374479 2.5249842113364e-41
1.393619 2.5242202109376e-41
1.413026 2.5234456086252e-41
1.432703 2.5226604043992e-41
1.452654 2.5218645982596e-41
1.472883 2.5210581902064e-41
1.493393 2.5202405176199996e-41
1.514189 2.5194115805004e-41
1.535275 2.5185720414671997e-41
1.556654 2.5177205752812e-41
1.578331 2.516857844562e-41
1.60031 2.51598318669e-41
1.622595 2.5150966016652e-41
1.645191 2.5141980894875997e-41
1.668101 2.5132869875375997e-41
1.69133 2.5123639584347997e-41
1.714882 2.5114283395596e-41
1.738762 2.5104801309119996e-41
1.762975 2.5095193324919996e-41
1.787526 2.50854528168e-41
1.812418 2.507557978476e-41
1.837656 2.50655742288e-41
1.863246 2.5055429522724e-41
1.889193 2.5045152292728e-41
1.915501 2.5034735912616e-41
1.942175 2.5024180382387996e-41
1.96922 2.5013479075848e-41
1.996642 2.5002631992996e-41
2.024447 2.4991639133832e-41
2.052638 2.4980500498355997e-41
2.081222 2.4969209460372e-41
2.110203 2.4957772646076e-41
2.139589 2.4946176803076e-41
2.169384 2.4934421931372e-41
2.199593 2.4922514657160003e-41
2.230223 2.4910448354243997e-41
2.26128 2.4898216396428e-41
2.292769 2.4885818783712e-41
2.324697 2.4873255516096e-41
2.357069 2.486052659358e-41
2.389893 2.4847625389968e-41
2.423173 2.483455190526e-41
2.456916 2.4821306139456e-41
2.49113 2.480788146636e-41
2.52582 2.4794271259776e-41
2.560993 2.4780488772096e-41
2.596656 2.4766514124732e-41
2.632815 2.475235394388e-41
2.669478 2.473800822954e-41
2.706652 2.4723470355515997e-41
2.744343 2.4708740321808004e-41
2.782559 2.469381150222e-41
2.821308 2.4678683896752e-41
2.860596 2.4663357505403995e-41
2.90043 2.4647825701979997e-41
2.94082 2.4632088486479995e-41
2.981772 2.4616139232707996e-41
3.023295 2.4599977940663996e-41
3.065395 2.4583611236544e-41
3.108082 2.456701924176e-41
3.151363 2.4550208582508e-41
3.195248 2.4533179258788e-41
3.239743 2.4515924644404e-41
3.284857 2.449843811316e-41
3.3306 2.4480719665056e-41
3.37698 2.4462775926288e-41
3.424006 2.4444587018267996e-41
3.471687 2.4426166193388e-41
3.520031 2.4407493573060004e-41
3.569049 2.4388582409675996e-41
3.61875 2.4369419450843997e-41
3.669142 2.435001132276e-41
3.720237 2.4330344773032e-41
3.772042 2.431041980166e-41
3.82457 2.4290236408644e-41
3.877828 2.4269781341591995e-41
3.931829 2.4249067852896e-41
3.986581 2.4228082690164e-41
4.042096 2.42068192272e-41
4.098384 2.41852840902e-41
4.155455 2.4163464026771996e-41
4.213322 2.4141359036916e-41
4.271994 2.4118975746828e-41
4.331483 2.409629427792e-41
4.391801 2.4073321256388004e-41
4.452959 2.4050050056035997e-41
4.514968 2.4026474050668e-41
4.577841 2.400259986648e-41
4.641589 2.3978414251080004e-41
4.706225 2.3953917204468e-41
4.771761 2.3929102100448e-41
4.83821 2.3903975565216e-41
4.905584 2.3878517720184e-41
4.973896 2.3852735191548e-41
5.043159 2.3826621353112e-41
5.113388 2.3800176204875997e-41
5.184594 2.3773393120644e-41
5.256791 2.3746265474220003e-41
5.329994 2.3718793265603997e-41
5.404216 2.36909698686e-41
5.479472 2.3662788657011997e-41
5.555776 2.3634256257036e-41
5.633143 2.360535941628e-41
5.711586 2.3576091508548e-41
5.791123 2.3546459160036003e-41
5.871766 2.3516449118352e-41
5.953533 2.3486061383495997e-41
6.036439 2.3455289329272e-41
6.120498 2.3424126329484e-41
6.205729 2.3392579010328e-41
6.292146 2.3360634119412e-41
6.379767 2.332828503054e-41
6.468608 2.3295531743711996e-41
6.558686 2.3262374258928e-41
6.650018 2.3228799323796e-41
6.742622 2.3194806938316e-41
6.836516 2.3160390476292e-41
6.931717 2.3125549937724e-41
7.028244 2.3090278696416e-41
7.126115 2.3054563499975997e-41
7.225349 2.3018417600795997e-41
7.325965 2.2981821120288e-41
7.427982 2.2944774058452e-41
7.53142 2.2907269789092e-41
7.636298 2.2869308312207999e-41
7.742637 2.2830883001604e-41
7.850456 2.2791987231084e-41
7.959777 2.2752621000648e-41
8.07062 2.2712771057904e-41
8.183007 2.2672444029048e-41
8.296959 2.2631626661688e-41
8.412497 2.2590312329627998e-41
8.529644 2.2548501032868e-41
8.648423 2.2506186145212e-41
8.768856 2.2463361040464e-41
8.890966 2.2420025718624e-41
9.014776 2.2376173553496e-41
9.140311 2.2331797918884e-41
9.267593 2.2286892188591998e-41
9.396648 2.2241449736424e-41
9.5275 2.2195477188576e-41
9.660175 2.2148954666459998e-41
9.794697 2.2101888796272e-41
9.931092 2.2054266325619998e-41
10.06939 2.2006087254503998e-41
10.20961 2.1957344956728e-41
10.35178 2.1908032806096e-41
10.49593 2.1858144176412e-41
10.64209 2.1807685693872e-41
10.79029 2.1756637479888e-41
10.94055 2.1704999534459998e-41
11.0929 2.1652771857588e-41
11.24737 2.1599941196879998e-41
11.404 2.1546507552335997e-41
11.5628 2.1492464297760001e-41
11.72382 2.1437804806956e-41
11.88708 2.1382529079923997e-41
12.05261 2.1326630490468e-41
12.22045 2.1270102412392e-41
12.39062 2.12129382195e-41
12.56317 2.1155131285596e-41
12.73811 2.1096688236876e-41
12.9155 2.1037589194752001e-41
13.09535 2.097784078542e-41
13.27771 2.0917429756487998e-41
13.46261 2.0856356107956e-41
13.65008 2.0794619839823998e-41
13.84016 2.0732201073503998e-41
14.03289 2.0669113061387998e-41
14.2283 2.0605335924888e-41
14.42644 2.0540876290199999e-41
14.62733 2.0475720904931998e-41
14.83103 2.0409876395279998e-41
15.03755 2.0343322882656e-41
15.24696 2.0276066993256e-41
15.45928 2.0208102100884e-41
15.67455 2.0139421579343998e-41
15.89283 2.0070025428636e-41
16.11414 1.9999907022564e-41
16.33854 1.9929059734932e-41
16.56606 1.9857483565740001e-41
16.79675 1.9785171888792e-41
17.03065 1.9712124704088e-41
17.26781 1.9638335385432e-41
17.50827 1.9563797306627997e-41
17.75208 1.9488517093872e-41
17.99929 1.9412474868576e-41
18.24993 1.9335683883132e-41
18.50407 1.9258130885147999e-41
18.76175 1.9179815874624e-41
19.02301 1.910073885156e-41
19.28792 1.9020886563564e-41
19.55651 1.8940265636832e-41
19.82884 1.8858876071364e-41
20.10496 1.8776704614768e-41
20.38493 1.869375789324e-41
20.6688 1.8610022654388e-41
20.95662 1.8525512150604e-41
21.24845 1.8440213129495998e-41
21.54435 1.835413221726e-41
21.84436 1.8267256161504e-41
22.14855 1.8179591588424e-41
22.45698 1.809113849802e-41
22.7697 1.8001890264095998e-41
23.08678 1.7911853512848e-41
23.40827 1.782102161808e-41
23.73424 1.7729387953595998e-41
24.06475 1.7636965771788e-41
24.39986 1.7543748446459998e-41
24.73964 1.7449735977612e-41
25.08415 1.7354921739048e-41
25.43346 1.725931898316e-41
25.78763 1.7162927709948e-41
26.14673 1.7065734667019999e-41
26.51084 1.6967753106768e-41
26.88001 1.6868983029192e-41
27.25433 1.6769424434291999e-41
27.63385 1.6669077322068e-41
28.01867 1.6567948318716e-41
28.40884 1.6466037424236e-41
28.80444 1.6363344638628e-41
29.20556 1.6259876588087998e-41
29.61225 1.6155639898812e-41
30.02462 1.6050627944604e-41
30.44272 1.5944853977855998e-41
30.86665 1.5838317998567998e-41
31.29648 1.5731026632936e-41
31.7323 1.5622979880959998e-41
32.17418 1.5514184368836e-41
32.62222 1.5404653348955998e-41
33.0765 1.529438682132e-41
33.5371 1.5183384785928e-41
34.00412 1.5071660495172e-41
34.47764 1.4959227201443998e-41
34.95776 1.4846078278548e-41
35.44456 1.4732226978875999e-41
35.93814 1.4617679928623998e-41
36.43859 1.4502450380184e-41
36.94601 1.4386544959751999e-41
37.4605 1.4269970293524e-41
37.98215 1.4152733007696e-41
38.51107 1.4034852980856e-41
39.04735 1.3916330213004e-41
39.5911 1.3797177956532e-41
40.14242 1.3677409463832e-41
40.70142 1.35570313611e-41
41.26821 1.3436063526924e-41
41.84289 1.33145125875e-41
42.42556 1.3192385169024e-41
43.01636 1.306970777628e-41
43.61538 1.2946487035464e-41
44.22274 1.2822729572771997e-41
44.83856 1.2698461892988e-41
45.46295 1.2573697248504e-41
46.09604 1.2448435639319997e-41
46.73795 1.2322710196416e-41
47.3888 1.2196534172184e-41
48.0487 1.2069914192819998e-41
48.7178 1.1942876763108e-41
49.39622 1.1815428509244e-41
50.08408 1.1687602562208e-41
50.78152 1.1559405548196e-41
51.48867 1.1430857345796e-41
52.20568 1.1301977833596e-41
52.93266 1.1172786890184e-41
53.66977 1.1043311020344e-41
54.41714 1.0913556850272e-41
55.17492 1.0783557510948e-41
55.94326 1.0653319628568e-41
56.72229 1.0522882960308e-41
57.51217 1.0392260758559999e-41
58.31305 1.0261466275716e-41
59.12508 1.0130539268952e-41
59.94843 9.999492990659999e-42
60.78323 9.868347319428e-42
61.62966 9.737135386235999e-42
62.48788 9.605883695867999e-42
63.35805 9.474598874519999e-42
64.24034 9.343327305564e-42
65.13491 9.212075615196e-42
66.04194 9.080883560592e-42
66.9616 8.94977102034e-42
67.89407 8.818771125419998e-42
68.83952 8.687897128223999e-42
69.79814 8.557188785927999e-42
70.77011 8.426659350924e-42
71.75561 8.296355206583999e-42
72.75484 8.1662896053e-42
73.76798 8.036489051855999e-42
74.79523 7.906993303428e-42
75.83678 7.777822238604e-42
76.89284 7.649008988364e-42
77.9636 7.520580057491999e-42
79.04928 7.392561950772e-42
80.15007 7.264987799184e-42
81.26619 7.137884107512e-42
82.39786 7.01127738054e-42
83.54528 6.885200749248e-42
84.70868 6.759687344615999e-42
85.88829 6.634763671427999e-42
87.08431 6.5104502708916e-42
88.297 6.386786900182799e-42
89.52657 6.2637987388464e-42
90.77327 6.141516930003599e-42
92.03732 6.019968641058e-42
93.31898 5.899183689891599e-42
94.61848 5.7791905691472e-42
95.93608 5.6600184340871996e-42
97.27203 5.5416957773544e-42
98.62658 5.424250428971999e-42
100.0 5.3077102189631997e-42
101.3925 5.1921036399707996e-42
102.8045 5.0774578593984e-42
104.2361 4.9638000446495994e-42
105.6876 4.8511567005084e-42
107.1593 4.7395543317588e-42
108.6516 4.6290187805652e-42
110.1646 4.519575889092e-42
111.6987 4.4112501742643995e-42
113.2541 4.3040668156271997e-42
114.8312 4.198049667486e-42
116.4303 4.0932219215268e-42
118.0517 3.989606106816e-42
119.6956 3.887226077659199e-42
121.3624 3.7861017126444e-42
123.0524 3.6862548782184e-42
124.766 3.5877054529691995e-42
126.5034 3.4904739781044e-42
128.265 3.3945776817336e-42
130.0511 3.3000364424448e-42
131.8621 3.2068661631084e-42
133.6984 3.115084071834e-42
135.5602 3.0247047462528e-42
137.4479 2.9357447518548e-42
139.3619 2.8482160157928e-42
141.3026 2.762133115698e-42
143.2703 2.677506653484e-42
145.2654 2.5943492189232e-42
147.2883 2.51267008869e-42
149.3393 2.4324785394587997e-42
151.4189 2.3537831852844e-42
153.5275 2.2765906523627998e-42
155.6654 2.2009075668899997e-42
157.8331 2.1267392298228002e-42
160.031 2.0540896168788e-42
162.2595 1.9829613785363998e-42
164.5191 1.9133565026544e-42
166.8101 1.8452769770916e-42
169.133 1.7787221392284e-42
171.4882 1.7136913264452e-42
173.8762 1.650181225644e-42
176.2975 1.5881898489659998e-42
178.7526 1.527712558074e-42
181.2418 1.4687433893916e-42
183.7656 1.4112770419619999e-42
186.3246 1.3553055643499999e-42
188.9193 1.3008203425008e-42
191.5501 1.2478127623595998e-42
194.2175 1.1962715593932e-42
196.922 1.146186131688e-42
199.6642 1.0975438894715999e-42
202.4447 1.050331580352e-42
205.2638 1.004534626698e-42
208.1222 9.601377882587999e-43
211.0203 9.171264874032e-43
213.9589 8.754828334019999e-43
216.9384 8.35188935526e-43
219.9593 7.962275656656e-43
223.0223 7.585788452328e-43
226.128 7.222228956396e-43
229.2769 6.871391756784e-43
232.4697 6.5330628273611994e-43
235.7069 6.207029467236e-43
238.9893 5.893063735266e-43
242.3173 5.5909363650696e-43
245.6916 5.3004127893084e-43
249.113 5.0212531396872e-43
252.582 4.7532135721932e-43
256.0993 4.496046267095999e-43
259.6656 4.2495000915672e-43
263.2815 4.0133199370608e-43
266.9478 3.7872500324112e-43
270.6652 3.5710299681156e-43
274.4343 3.3643986720515996e-43
278.2559 3.1670944094772e-43
282.1308 2.978852795172e-43
286.0596 2.7994094439156e-43
290.043 2.6285012957268e-43
294.082 2.465862640146e-43
298.1772 2.3112310798115998e-43
302.3295 2.1643428921228e-43
306.5395 2.0249383301963996e-43
310.8082 1.8927563219099997e-43
315.1363 1.767541096098e-43
319.5248 1.6490368815947999e-43
323.9743 1.5369918829523999e-43
328.4857 1.4311562925815999e-43
333.06 1.33128560385e-43
337.698 1.237137297984e-43
342.4006 1.1484734945472e-43
347.1687 1.0650602888208e-43
352.0031 9.866690770427999e-44
356.9049 9.130752311688e-44
361.875 8.440587614916e-44
366.9142 7.794056418804e-44
372.0237 7.189064845415999e-44
377.2042 6.6235773273408e-44
382.457 6.095613294594e-44
387.7828 5.603247174618e-44
393.1829 5.144614355858399e-44
398.6581 4.7179072120464e-44
404.2096 4.3213790779164e-44
409.8384 3.9533415987276e-44
415.5455 3.6121687059816e-44
421.3322 3.2962933043244e-44
427.1994 3.0042099220248e-44
433.1483 2.7344727231156e-44
439.1801 2.4856955073936e-44
445.2959 2.2565523730392e-44
451.4968 2.0457757287575998e-44
457.7841 1.8521562937788e-44
464.1589 1.6745411099988e-44
470.6225 1.5118348672187998e-44
477.1761 1.3629965900471998e-44
483.821 1.22703897528e-44
490.5584 1.1030277292811999e-44
497.3896 9.90079580124e-45
504.3159 8.873616149712e-45
511.3388 7.940879669772e-45
518.4594 7.095204779076e-45
525.6791 6.3296578261296e-45
532.9994 5.637740500515599e-45
540.4216 5.0133706169256e-45
547.9472 4.4508682001483994e-45
555.5776 3.9449349438623996e-45
563.3143 3.4906416208632e-45
571.1586 3.0834062166168e-45
579.1123 2.718980014248e-45
587.1766 2.3934290411915997e-45
595.3533 2.1031194915612e-45
603.6439 1.8446978475612e-45
612.0498 1.6150782897143998e-45
620.5729 1.4114261313719998e-45
629.2146 1.2311399279844001e-45
637.9767 1.0718408751876e-45
646.8608 9.313549180739999e-46
655.8686 8.077008240395999e-46
665.0018 6.990756051528e-46
674.2622 6.0384345240708004e-46
683.6516 5.205218207094e-46
693.1717 4.4777056191876e-46
702.8244 3.8438079283691995e-46
712.6115 3.292642932948e-46
722.5349 2.814436993824e-46
732.5965 2.4004316051244e-46
742.7982 2.0427959284164e-46
753.142 1.7345419773984e-46
763.6298 1.4694523923636e-46
774.2637 1.242004238946e-46
785.0456 1.0473060592584e-46
795.9777 8.810349230304e-47
807.062 7.393787797031999e-47
818.3007 6.1898596681608e-47
829.6959 5.1691577858424e-47
841.2497 4.3059493179108e-47
852.9644 3.5777754356436e-47
864.8423 2.9650828972644e-47
876.8856 2.4508947260016e-47
889.0966 2.0205080555508e-47
901.4776 1.6612264317564e-47
914.0311 1.3621119928812e-47
926.7593 1.1137721060951999e-47
939.6648 9.08159918976e-48
952.75 7.384047288912e-48
966.0175 5.986524241987199e-48
979.4697 4.8393415304208e-48
993.1092 3.9004194965148e-48
1006.939 3.134237091372e-48
1020.961 2.5109022195971998e-48
1035.178 2.0053334040912e-48
1049.593 1.5965547587964e-48
1064.209 1.2670751141316e-48
1079.029 1.002357921312e-48
1094.055 7.903620569664e-49
1109.29 6.2114431763915996e-49
1124.737 4.865211524843999e-49
1140.4 3.7978128514548e-49
1156.28 2.9543875543007998e-49
1172.382 2.2902485675579997e-49
1188.708 1.7691221064636e-49
1205.261 1.3616687003688e-49
1222.045 1.0442447567063999e-49
1239.062 7.978615855991999e-50
1256.317 6.073313494575599e-50
1273.811 4.6054653042636e-50
1291.55 3.4789490354015997e-50
1309.535 2.617738365564e-50
1327.771 1.9619338081499998e-50
1346.261 1.4645304539748e-50
1365.008 1.0887893593164e-50
1384.016 8.061145127172e-51
1403.289 5.9433525871884e-51
1422.83 4.3633805465016e-51
1442.644 3.1896698592492e-51
1462.733 2.3215255379171997e-51
1483.103 1.6822082813904e-51
1503.755 1.2134956932756e-51
1524.696 8.71407722862e-52
1545.928 6.2287614022572e-52
1567.455 4.4315077806755996e-52
1589.283 3.137924569446e-52
1611.414 2.211290816022e-52
1633.854 1.5507173853468e-52
1656.606 1.0821147920856e-52
