# E(Ryd) fnu(erg/s/Hz/cm^2)
0.01 8.16002785008e-42
0.01013925 8.16002785008e-42
0.01028045 8.160021223884e-42
0.01042361 8.160021223884e-42
0.01056876 8.160021223884e-42
0.01071593 8.160021223884e-42
0.01086516 8.160014597688e-42
0.01101646 8.160014597688e-42
0.01116987 8.160014597688e-42
0.01132541 8.160007971491999e-42
0.01148312 8.160007971491999e-42
0.01164303 8.160007971491999e-42
0.01180517 8.160001345296e-42
0.01196956 8.160001345296e-42
0.01213624 8.160001345296e-42
0.01230524 8.1599947191e-42
0.0124766 8.1599947191e-42
0.01265034 8.1599947191e-42
0.0128265 8.159988092903999e-42
0.01300511 8.159988092903999e-42
0.01318621 8.159988092903999e-42
0.01336984 8.159981466708e-42
0.01355602 8.159981466708e-42
0.01374479 8.159981466708e-42
0.01393619 8.159974840511999e-42
0.01413026 8.159974840511999e-42
0.01432703 8.159974840511999e-42
0.01452654 8.159968214316e-42
0.01472883 8.159968214316e-42
0.01493393 8.159961588120001e-42
0.01514189 8.159961588120001e-42
0.01535275 8.159961588120001e-42
0.01556654 8.159954961924e-42
0.01578331 8.159954961924e-42
0.0160031 8.159948335728e-42
0.01622595 8.159948335728e-42
0.01645191 8.159941709532e-42
0.01668101 8.159941709532e-42
0.0169133 8.159935083336e-42
0.01714882 8.159935083336e-42
0.01738762 8.159935083336e-42
0.01762975 8.15992845714e-42
0.01787526 8.15992845714e-42
0.01812418 8.159921830944e-42
0.01837656 8.159921830944e-42
0.01863246 8.159915204748e-42
0.01889193 8.159915204748e-42
0.01915501 8.159908578551999e-42
0.01942175 8.159908578551999e-42
0.0196922 8.159901952355999e-42
0.01996642 8.159901952355999e-42
0.02024447 8.15989532616e-42
0.02052638 8.159888699964e-42
0.02081222 8.159888699964e-42
0.02110203 8.159882073768e-42
0.02139589 8.159882073768e-42
0.02169384 8.159875447572e-42
0.02199593 8.159875447572e-42
0.02230223 8.159868821376e-42
0.0226128 8.159862195179999e-42
0.02292769 8.159862195179999e-42
0.02324697 8.159855568984e-42
0.02357069 8.159855568984e-42
0.02389893 8.159848942788e-42
0.02423173 8.159842316591999e-42
0.02456916 8.159842316591999e-42
0.0249113 8.159835690396e-42
0.0252582 8.159829064199999e-42
0.02560993 8.159829064199999e-42
0.02596656 8.159822438003999e-42
0.02632815 8.159815811808e-42
0.02669478 8.159809185612e-42
0.02706652 8.159809185612e-42
0.02744343 8.159802559416e-42
0.02782559 8.15979593322e-42
0.02821308 8.159789307024e-42
0.02860596 8.159789307024e-42
0.0290043 8.159782680827999e-42
0.0294082 8.159776054632e-42
0.02981772 8.159769428436e-42
0.03023295 8.159769428436e-42
0.03065395 8.159762802239999e-42
0.03108082 8.159756176044e-42
0.03151363 8.159749549847999e-42
0.03195248 8.159742923652e-42
0.03239743 8.159736297456001e-42
0.03284857 8.15972967126e-42
0.033306 8.15972967126e-42
0.0337698 8.159723045064e-42
0.03424006 8.159716418868e-42
0.03471687 8.159709792672e-42
0.03520031 8.159703166475999e-42
0.03569049 8.15969654028e-42
0.0361875 8.159689914084e-42
0.03669142 8.159683287887999e-42
0.03720237 8.159676661692e-42
0.03772042 8.159670035495999e-42
0.0382457 8.1596634093e-42
0.03877828 8.159656783104001e-42
0.03931829 8.159650156908e-42
0.03986581 8.159643530712e-42
0.04042096 8.159636904516e-42
0.04098384 8.15963027832e-42
0.04155455 8.159623652123999e-42
0.04213322 8.159610399732e-42
0.04271994 8.159603773535999e-42
0.04331483 8.15959714734e-42
0.04391801 8.159590521144e-42
0.04452959 8.159583894948e-42
0.04514968 8.159577268752e-42
0.04577841 8.15956401636e-42
0.04641589 8.159557390163999e-42
0.04706225 8.159550763968e-42
0.04771761 8.159544137772e-42
0.0483821 8.15953088538e-42
0.04905584 8.159524259183999e-42
0.04973896 8.159517632987999e-42
0.05043159 8.159504380596e-42
0.05113388 8.1594977544e-42
0.05184594 8.159484502008e-42
0.05256791 8.159477875811999e-42
0.05329994 8.159471249616e-42
0.05404216 8.159457997223999e-42
0.05479472 8.159451371028e-42
0.05555776 8.159438118636e-42
0.05633143 8.159431492440001e-42
0.05711586 8.159418240048e-42
0.05791123 8.159411613852e-42
0.05871766 8.159398361459999e-42
0.05953533 8.159385109068e-42
0.06036439 8.159378482871999e-42
0.06120498 8.159365230479999e-42
0.06205729 8.159358604284e-42
0.06292146 8.159345351892e-42
0.06379767 8.1593320995e-42
0.06468608 8.159318847107999e-42
0.06558686 8.159312220912e-42
0.06650018 8.159298968519999e-42
0.06742622 8.159285716128e-42
0.06836516 8.159272463736001e-42
0.06931717 8.159259211344e-42
0.07028244 8.159252585147999e-42
0.07126115 8.159239332756e-42
0.07225349 8.159226080364e-42
0.07325965 8.159212827971999e-42
0.07427982 8.15919957558e-42
0.0753142 8.159186323188e-42
0.07636298 8.159173070795999e-42
0.07742637 8.159159818404e-42
0.07850456 8.159146566012e-42
0.07959777 8.159126687424e-42
0.0807062 8.159113435032e-42
0.08183007 8.15910018264e-42
0.08296959 8.159086930248e-42
0.08412497 8.159073677855999e-42
0.08529644 8.159053799268e-42
0.08648423 8.159040546876e-42
0.08768856 8.159027294484e-42
0.08890966 8.159007415896e-42
0.09014776 8.158994163503999e-42
0.09140311 8.158974284916e-42
0.09267593 8.158961032524e-42
0.09396648 8.158941153936e-42
0.095275 8.158927901543999e-42
0.09660175 8.158908022955999e-42
0.09794697 8.158894770564e-42
0.09931092 8.158874891976e-42
0.1006939 8.158855013388e-42
0.1020961 8.158841760996e-42
0.1035178 8.158821882408e-42
0.1049593 8.15880200382e-42
0.1064209 8.158782125232e-42
0.1079029 8.158762246644e-42
0.1094055 8.158742368056e-42
0.110929 8.158722489468e-42
0.1124737 8.15870261088e-42
0.11404 8.158682732292e-42
0.115628 8.158662853704001e-42
0.1172382 8.158642975116e-42
0.1188708 8.158623096528e-42
0.1205261 8.158603217939999e-42
0.1222045 8.158576713156e-42
0.1239062 8.158556834568e-42
0.1256317 8.15853695598e-42
0.1273811 8.158510451196e-42
0.129155 8.158490572608e-42
0.1309535 8.158464067823999e-42
0.1327771 8.158444189236e-42
0.1346261 8.158417684452e-42
0.1365008 8.158397805864e-42
0.1384016 8.15837130108e-42
0.1403289 8.158344796296e-42
0.142283 8.158318291512e-42
0.1442644 8.158298412924001e-42
0.1462733 8.15827190814e-42
0.1483103 8.158245403355999e-42
0.1503755 8.158218898572e-42
0.1524696 8.158192393788e-42
0.1545928 8.158159262807999e-42
0.1567455 8.158132758024e-42
0.1589283 8.15810625324e-42
0.1611414 8.158079748455999e-42
0.1633854 8.158046617476e-42
0.1656606 8.158020112691999e-42
0.1679675 8.157986981712e-42
0.1703065 8.157960476928e-42
0.1726781 8.157927345948e-42
0.1750827 8.157900841164e-42
0.1775208 8.157867710184e-42
0.1799929 8.157834579204e-42
0.1824993 8.157801448224e-42
0.1850407 8.157768317244e-42
0.1876175 8.157735186264e-42
0.1902301 8.157702055284e-42
0.1928792 8.157668924304e-42
0.1955651 8.157635793323999e-42
0.1982884 8.157596036148e-42
0.2010496 8.157562905168e-42
0.2038493 8.157529774188e-42
0.206688 8.157490017011999e-42
0.2095662 8.157450259836e-42
0.2124845 8.157417128856e-42
0.2154435 8.15737737168e-42
0.2184436 8.157337614504e-42
0.2214855 8.157297857328e-42
0.2245698 8.157258100152e-42
0.227697 8.157218342976e-42
0.2308678 8.1571785858e-42
0.2340827 8.157138828624e-42
0.2373424 8.157092445251999e-42
0.2406475 8.157052688076e-42
0.2439986 8.157006304703999e-42
0.2473964 8.156966547528e-42
0.2508415 8.156920164156e-42
0.2543346 8.156873780784e-42
0.2578763 8.156827397412e-42
0.2614673 8.156781014039999e-42
0.2651084 8.156734630668e-42
0.2688001 8.156688247296e-42
0.2725433 8.156641863923999e-42
0.2763385 8.156588854356e-42
0.2801867 8.156542470984e-42
0.2840884 8.156489461416e-42
0.2880444 8.156443078044e-42
0.2920556 8.156390068476001e-42
0.2961225 8.156337058907999e-42
0.3002462 8.15628404934e-42
0.3044272 8.156231039772e-42
0.3086665 8.156171404007999e-42
0.3129648 8.15611839444e-42
0.317323 8.156065384872e-42
0.3217418 8.156005749108e-42
0.3262222 8.155946113343999e-42
0.330765 8.155886477579999e-42
0.335371 8.155826841815999e-42
0.3400412 8.155767206052e-42
0.3447764 8.155707570288e-42
0.3495776 8.155647934523999e-42
0.3544456 8.155581672563999e-42
0.3593814 8.155522036799999e-42
0.3643859 8.15545577484e-42
0.3694601 8.15538951288e-42
0.374605 8.15532325092e-42
0.3798215 8.155256988959999e-42
0.3851107 8.155190727e-42
0.3904735 8.155117838843999e-42
0.395911 8.155051576884e-42
0.4014242 8.154978688728e-42
0.4070142 8.154905800572e-42
0.4126821 8.154832912415999e-42
0.4184289 8.15476002426e-42
0.4242556 8.154680509908e-42
0.4301636 8.154607621751999e-42
0.4361538 8.154528107399999e-42
0.4422274 8.154455219244e-42
0.4483856 8.154375704892e-42
0.4546295 8.154289564344e-42
0.4609604 8.154210049992e-42
0.4673795 8.15413053564e-42
0.473888 8.154044395091999e-42
0.480487 8.153958254544e-42
0.487178 8.153872113996e-42
0.4939622 8.153785973448e-42
0.5008408 8.153693206703999e-42
0.5078152 8.153607066156e-42
0.5148867 8.153514299411999e-42
0.5220568 8.153421532668e-42
0.5293266 8.153328765924e-42
0.5366977 8.15323599918e-42
0.5441714 8.15313660624e-42
0.5517492 8.1530372133e-42
0.5594326 8.15293782036e-42
0.5672229 8.15283842742e-42
0.5751217 8.15273903448e-42
0.5831305 8.152633015344e-42
0.5912508 8.152533622404e-42
0.5994843 8.152427603268e-42
0.6078323 8.152314957935999e-42
0.6162966 8.152208938800001e-42
0.6248788 8.152096293468e-42
0.6335805 8.151983648136e-42
0.6424034 8.151871002804e-42
0.6513491 8.151758357472e-42
0.6604194 8.151639085944e-42
0.669616 8.151519814416001e-42
0.6789407 8.151400542887999e-42
0.6883952 8.15128127136e-42
0.6979814 8.151155373636e-42
0.7077011 8.151029475912e-42
0.7175561 8.150903578188e-42
0.7275484 8.150771054267999e-42
0.7376798 8.150645156544e-42
0.7479523 8.150512632624e-42
0.7583678 8.150373482508e-42
0.7689284 8.150240958588e-42
0.779636 8.150101808471999e-42
0.7904928 8.149962658355999e-42
0.8015007 8.14982350824e-42
0.8126619 8.149677731928e-42
0.8239786 8.149531955616001e-42
0.8354528 8.149379553108e-42
0.8470868 8.149233776796e-42
0.8588829 8.149081374288e-42
0.8708431 8.14892897178e-42
0.88297 8.148769943076e-42
0.8952657 8.148610914372e-42
0.9077327 8.148451885668e-42
0.9203732 8.148286230768e-42
0.9331898 8.148120575867999e-42
0.9461848 8.147954920967999e-42
0.9593608 8.147789266068e-42
0.9727203 8.147616984972e-42
0.9862658 8.14743807768e-42
1.0 8.147259170388001e-42
1.013925 8.147080263096e-42
1.028045 8.146901355803999e-42
1.042361 8.146715822316e-42
1.056876 8.146530288827999e-42
1.071593 8.146338129144e-42
1.086516 8.146145969459999e-42
1.101646 8.145953809776e-42
1.116987 8.145755023896e-42
1.132541 8.145556238015999e-42
1.148312 8.145350825940001e-42
1.164303 8.145145413864e-42
1.180517 8.144940001788e-42
1.196956 8.144727963516e-42
1.213624 8.144509299048e-42
1.230524 8.14429063458e-42
1.24766 8.144071970112e-42
1.265034 8.143846679448e-42
1.28265 8.143621388784e-42
1.300511 8.143389471923999e-42
1.318621 8.143157555064e-42
1.336984 8.142919012008e-42
1.355602 8.142680468952e-42
1.374479 8.142441925896e-42
1.393619 8.142190130447999e-42
1.413026 8.141944961195999e-42
1.432703 8.141686539552e-42
1.452654 8.141434744104e-42
1.472883 8.141169696264001e-42
1.493393 8.140911274619999e-42
1.514189 8.140639600584e-42
1.535275 8.140367926548e-42
1.556654 8.140096252512001e-42
1.578331 8.139811326084e-42
1.60031 8.139533025851999e-42
1.622595 8.139248099424e-42
1.645191 8.1389565468e-42
1.668101 8.13865836798e-42
1.69133 8.13836018916e-42
1.714882 8.138055384144e-42
1.738762 8.137750579128e-42
1.762975 8.137439147916e-42
1.787526 8.137121090508e-42
1.812418 8.1368030331e-42
1.837656 8.136478349496e-42
1.863246 8.136147039696e-42
1.889193 8.135815729895999e-42
1.915501 8.135477793899999e-42
1.942175 8.135133231708e-42
1.96922 8.13478204332e-42
1.996642 8.134430854932e-42
2.024447 8.134073040348e-42
2.052638 8.133708599568e-42
2.081222 8.133344158787999e-42
2.110203 8.132973091812e-42
2.139589 8.132595398639999e-42
2.169384 8.132211079271999e-42
2.199593 8.131820133707999e-42
2.230223 8.131429188144001e-42
2.26128 8.131024990188e-42
2.292769 8.130620792231999e-42
2.324697 8.13020996808e-42
2.357069 8.129799143928e-42
2.389893 8.129375067384e-42
2.423173 8.128944364643999e-42
2.456916 8.128513661904e-42
2.49113 8.128076332968e-42
2.52582 8.12762575164e-42
2.560993 8.127175170312e-42
2.596656 8.126717962788e-42
2.632815 8.126254129068001e-42
2.669478 8.125783669152e-42
2.706652 8.125306583039999e-42
2.744343 8.124816244536e-42
2.782559 8.124325906032e-42
2.821308 8.123828941332e-42
2.860596 8.123325350436e-42
2.90043 8.122815133344e-42
2.94082 8.122298290056001e-42
2.981772 8.121768194376001e-42
3.023295 8.121238098696e-42
3.065395 8.120694750624e-42
3.108082 8.120144776356e-42
3.151363 8.119588175891999e-42
3.195248 8.119024949232e-42
3.239743 8.118455096376e-42
3.284857 8.117878617324e-42
3.3306 8.117288885879999e-42
3.37698 8.11669252824e-42
3.424006 8.116089544404e-42
3.471687 8.115479934372e-42
3.520031 8.114857071947999e-42
3.569049 8.114227583328e-42
3.61875 8.113591468512e-42
3.669142 8.112948727499999e-42
3.720237 8.112292734096e-42
3.772042 8.1116234883e-42
3.82457 8.110954242504e-42
3.877828 8.110271744316e-42
3.931829 8.109575993736e-42
3.986581 8.10887361696e-42
4.042096 8.108164613987999e-42
4.098384 8.107442358624e-42
4.155455 8.106706850868e-42
4.213322 8.105964716915999e-42
4.271994 8.105215956767999e-42
4.331483 8.104453944228e-42
4.391801 8.103678679295999e-42
4.452959 8.102896788168001e-42
4.514968 8.102101644648e-42
4.577841 8.101293248736e-42
4.641589 8.100478226628e-42
4.706225 8.099649952128e-42
4.771761 8.098808425235999e-42
4.83821 8.097960272147999e-42
4.905584 8.097098866668e-42
4.973896 8.096224208795999e-42
5.043159 8.095336298532e-42
5.113388 8.094435135876e-42
5.184594 8.093527347024e-42
5.256791 8.092599679584e-42
5.329994 8.091665385947999e-42
5.404216 8.09071783992e-42
5.479472 8.089750415304e-42
5.555776 8.088776364492e-42
5.633143 8.087789061287999e-42
5.711586 8.086781879496e-42
5.791123 8.085768071508e-42
5.871766 8.084734384932e-42
5.953533 8.083687445963999e-42
6.036439 8.082627254604e-42
6.120498 8.081553810851999e-42
6.205729 8.080467114707999e-42
6.292146 8.079360539976e-42
6.379767 8.078240712852e-42
6.468608 8.077107633336001e-42
6.558686 8.075954675232e-42
6.650018 8.074788464736e-42
6.742622 8.073609001848e-42
6.836516 8.072409660371999e-42
6.931717 8.071197066504e-42
7.028244 8.069964594048e-42
7.126115 8.068712243004e-42
7.225349 8.067446639568e-42
7.325965 8.06616778374e-42
7.427982 8.064862423127999e-42
7.53142 8.063543810124e-42
7.636298 8.062205318531999e-42
7.742637 8.060853574548e-42
7.850456 8.059475325779999e-42
7.959777 8.05808382462e-42
8.07062 8.056672444872e-42
8.183007 8.055241186536e-42
8.296959 8.053790049612e-42
8.412497 8.052319034099999e-42
8.529644 8.05082814e-42
8.648423 8.049310741116e-42
8.768856 8.04778008984e-42
8.890966 8.046229559975999e-42
9.014776 8.044652525328e-42
9.140311 8.043055612092e-42
9.267593 8.041438820267999e-42
9.396648 8.03979552366e-42
9.5275 8.038132348464e-42
9.660175 8.036442668483999e-42
9.794697 8.034733109916e-42
9.931092 8.03300367276e-42
10.06939 8.03124773082e-42
10.20961 8.029465284096e-42
10.35178 8.027662958783999e-42
10.49593 8.025827502492e-42
10.64209 8.023978793808e-42
10.79029 8.022096954143999e-42
10.94055 8.020188609696e-42
11.0929 8.01826038666e-42
11.24737 8.016299032644e-42
11.404 8.014311173844e-42
11.5628 8.012303436456e-42
11.72382 8.010262568088e-42
11.88708 8.008195194936e-42
12.05261 8.006094690804e-42
12.22045 8.003974308084001e-42
12.39062 8.001820794384e-42
12.56317 7.999634149704e-42
12.73811 7.99742100024e-42
12.9155 7.995181345992e-42
13.09535 7.992908560764e-42
13.27771 7.990602644555999e-42
13.46261 7.988263597368e-42
13.65008 7.985898045395999e-42
13.84016 7.983499362444001e-42
14.03289 7.981067548512e-42
14.2283 7.978595977403999e-42
14.42644 7.976097901512e-42
14.62733 7.97356669464e-42
14.83103 7.970995730592e-42
15.03755 7.968391635563999e-42
15.24696 7.965754409556e-42
15.45928 7.963084052568e-42
15.67455 7.960373938404e-42
15.89283 7.957624067064e-42
16.11414 7.954841064744e-42
16.33854 7.952018305247999e-42
16.56606 7.949155788576e-42
16.79675 7.946260140924e-42
17.03065 7.9433181099e-42
17.26781 7.940342947896e-42
17.50827 7.93732140252e-42
17.75208 7.934260099968e-42
17.99929 7.93115904024e-42
18.24993 7.928018223336e-42
18.50407 7.92483102306e-42
18.76175 7.921604065608e-42
19.02301 7.918330724784e-42
19.28792 7.915017626784e-42
19.55651 7.911651519216e-42
19.82884 7.908245654472e-42
20.10496 7.904793406356e-42
20.38493 7.901294774868e-42
20.6688 7.897749760008e-42
20.95662 7.894158361776e-42
21.24845 7.890513953976e-42
21.54435 7.886823162804e-42
21.84436 7.883079362063999e-42
22.14855 7.879289177952e-42
22.45698 7.875445984272e-42
22.7697 7.87155640722e-42
23.08678 7.867607194404e-42
23.40827 7.863611598216e-42
23.73424 7.859556366264e-42
24.06475 7.855448124744e-42
24.39986 7.851286873656e-42
24.73964 7.847072613000001e-42
25.08415 7.84279871658e-42
25.43346 7.838465184396e-42
25.78763 7.834078642643999e-42
26.14673 7.829625838932e-42
26.51084 7.825120025651999e-42
26.88001 7.820554576607999e-42
27.25433 7.8159294918e-42
27.63385 7.811238145032e-42
28.01867 7.8064871625e-42
28.40884 7.801669918007999e-42
28.80444 7.796793037751999e-42
29.20556 7.79184326934e-42
29.61225 7.786833865163999e-42
30.02462 7.781758199028e-42
30.44272 7.776616270932001e-42
30.86665 7.771408080875999e-42
31.29648 7.766127002664e-42
31.7323 7.760773036296e-42
32.17418 7.755352807967999e-42
32.62222 7.749859691483999e-42
33.0765 7.744293686843999e-42
33.5371 7.738654794048e-42
34.00412 7.732943013096e-42
34.47764 7.727151717792e-42
34.95776 7.721287534332e-42
35.44456 7.715350462716e-42
35.93814 7.709327250552e-42
36.43859 7.703231150232e-42
36.94601 7.697048909364e-42
37.4605 7.690787154144e-42
37.98215 7.684445884572e-42
38.51107 7.678025100647999e-42
39.04735 7.67151154998e-42
39.5911 7.66491848496e-42
40.14242 7.658239279391999e-42
40.70142 7.651473933276e-42
41.26821 7.644615820416e-42
41.84289 7.637678193204e-42
42.42556 7.630641173052e-42
43.01636 7.623511386156001e-42
43.61538 7.616295458712e-42
44.22274 7.608986764524e-42
44.83856 7.601578677395999e-42
45.46295 7.594077823524e-42
46.09604 7.586477576712e-42
46.73795 7.57877793696e-42
47.3888 7.570985530464e-42
48.0487 7.563087104832e-42
48.7178 7.55508928626e-42
49.39622 7.546985448552e-42
50.08408 7.538782217904e-42
50.78152 7.530472968119999e-42
51.48867 7.5220576992e-42
52.20568 7.513529784947999e-42
52.93266 7.50489585156e-42
53.66977 7.496155899036e-42
54.41714 7.48730330118e-42
55.17492 7.478331431796e-42
55.94326 7.469253543276e-42
56.72229 7.460056383227999e-42
57.51217 7.450746577847999e-42
58.31305 7.441310874743999e-42
59.12508 7.431762526308e-42
59.94843 7.422094906344e-42
60.78323 7.412301388655999e-42
61.62966 7.40238859944e-42
62.48788 7.3923499125e-42
63.35805 7.382178701639999e-42
64.24034 7.371888219252e-42
65.13491 7.361465212944e-42
66.04194 7.350916308912e-42
66.9616 7.34023488096e-42
67.89407 7.329414302892e-42
68.83952 7.3184678271e-42
69.79814 7.307382201191999e-42
70.77011 7.296157425168e-42
71.75561 7.284793499027999e-42
72.75484 7.273290422771999e-42
73.76798 7.261648196399999e-42
74.79523 7.249860193716e-42
75.83678 7.237933040916e-42
76.89284 7.225853485608e-42
77.9636 7.213628153987999e-42
79.04928 7.201257046056e-42
80.15007 7.18872690942e-42
81.26619 7.176050996471999e-42
82.39786 7.163222681016e-42
83.54528 7.150235336856e-42
84.70868 7.137088963991999e-42
85.88829 7.12379018862e-42
87.08431 7.110332384544e-42
88.297 7.096708925568e-42
89.52657 7.082919811692e-42
90.77327 7.068971669112e-42
92.03732 7.054857871631999e-42
93.31898 7.040571793056e-42
94.61848 7.026113433384e-42
95.93608 7.011489418812e-42
97.27203 6.996693123144e-42
98.62658 6.981724546379999e-42
100.0 6.966577062324e-42
101.3925 6.951250670976e-42
102.8045 6.935745372335999e-42
104.2361 6.920061166404e-42
105.6876 6.90419805318e-42
107.1593 6.888149406468e-42
108.6516 6.871908600071999e-42
110.1646 6.855488886383999e-42
111.6987 6.838877013012e-42
113.2541 6.822072979955999e-42
114.8312 6.805083413412e-42
116.4303 6.787895060988e-42
118.0517 6.77051454888e-42
119.6956 6.752935250892e-42
121.3624 6.735157167024e-42
123.0524 6.717180297276e-42
124.766 6.699004641648e-42
126.5034 6.680623573944e-42
128.265 6.662037094164e-42
130.0511 6.643251828503999e-42
131.8621 6.624249886234799e-42
133.6984 6.6050425318896e-42
135.5602 6.5856244645116e-42
137.4479 6.565993696242e-42
139.3619 6.5461495644612e-42
141.3026 6.52609074393e-42
143.2703 6.505815246789599e-42
145.2654 6.4853210851812e-42
147.2883 6.4646082591048e-42
149.3393 6.443674118082e-42
151.4189 6.4225173368736e-42
153.5275 6.401137252859999e-42
155.6654 6.3795318781824e-42
157.8331 6.3577005502212e-42
160.031 6.3356412811176e-42
162.2595 6.3133527456324e-42
164.5191 6.290834281146e-42
166.8101 6.2680838997996e-42
169.133 6.2451009389736e-42
171.4882 6.2218840734288e-42
173.8762 6.1984313153064e-42
176.2975 6.1747426646064e-42
178.7526 6.150816796089601e-42
181.2418 6.126652384516799e-42
183.7656 6.1022481046488e-42
186.3246 6.077603293866001e-42
188.9193 6.0527172895488e-42
191.5501 6.027588103838399e-42
194.2175 6.0022163993544e-42
196.922 5.9765995256184e-42
199.6642 5.950738145249999e-42
202.4447 5.9246302703904e-42
205.2638 5.8982765636592e-42
208.1222 5.871675037197599e-42
211.0203 5.8448256910056e-42
213.9589 5.817727862463599e-42
216.9384 5.790380888952e-42
219.9593 5.7627841078512e-42
223.0223 5.7349375191612e-42
226.128 5.7068404602624e-42
229.2769 5.6784929311548e-42
232.4697 5.6498942692188e-42
235.7069 5.6210444744544e-42
238.9893 5.5919435468616e-42
242.3173 5.5625908238208e-42
245.6916 5.532986305331999e-42
249.113 5.5031313166344e-42
252.582 5.4730245324888e-42
256.0993 5.4426666155148e-42
259.6656 5.4120575657124e-42
263.2815 5.3811987083208e-42
266.9478 5.3500893807204e-42
270.6652 5.3187309081504e-42
274.4343 5.2871226279912e-42
278.2559 5.2552665281015997e-42
282.1308 5.2231626084816e-42
286.0596 5.1908121943703996e-42
290.043 5.158215285768e-42
294.082 5.1253738705332e-42
298.1772 5.092287948666e-42
302.3295 5.058960170644799e-42
306.5395 5.025390536469599e-42
310.8082 4.9915810339992e-42
315.1363 4.9575329884727996e-42
319.5248 4.9232477251296e-42
323.9743 4.8887272318284e-42
328.4857 4.8539728338084e-42
333.06 4.818987181547999e-42
337.698 4.7837716002864e-42
342.4006 4.7483280778823995e-42
347.1687 4.7126599274339996e-42
352.0031 4.6767678115607995e-42
356.9049 4.6406550433608e-42
361.875 4.6043242733123994e-42
366.9142 4.567778151894e-42
372.0237 4.531019329584e-42
377.2042 4.4940497942412e-42
382.457 4.4568741842028e-42
387.7828 4.4194944873276e-42
393.1829 4.3819146793332e-42
398.6581 4.344137410698e-42
404.2096 4.3061673197591997e-42
409.8384 4.2680063943756e-42
415.5455 4.2296599355039996e-42
421.3322 4.1911312562424e-42
427.1994 4.1524236696888e-42
433.1483 4.1135424768e-42
439.1801 4.0744916532935996e-42
445.2959 4.0352751748871995e-42
451.4968 3.9958983425375996e-42
457.7841 3.956365794582e-42
464.1589 3.916681506738e-42
470.6225 3.8768507799624e-42
477.1761 3.8368789152119996e-42
483.821 3.7967718760632e-42
490.5584 3.7565336382335993e-42
497.3896 3.7161708279192e-42
504.3159 3.6756887460768003e-42
511.3388 3.6350926936632e-42
518.4594 3.5943892968744e-42
525.6791 3.5535845192868e-42
532.9994 3.5126843244768e-42
540.4216 3.4716953386404e-42
547.9472 3.4306241879736e-42
555.5776 3.3894768360528e-42
563.3143 3.3482599090739995e-42
571.1586 3.3069813584724e-42
579.1123 3.2656471478244004e-42
587.1766 3.2242645659456e-42
595.3533 3.1828415642712e-42
603.6439 3.1413847689971995e-42
612.0498 3.0999021315587996e-42
620.5729 3.0584009407715995e-42
629.2146 3.0168891480708e-42
637.9767 2.9753747048916e-42
646.8608 2.9338655626692e-42
655.8686 2.8923690102192e-42
665.0018 2.8508936615963998e-42
674.2622 2.8094487934752e-42
683.6516 2.7680410320515998e-42
693.1717 2.7266803166196e-42
702.8244 2.6853739359948e-42
712.6115 2.6441318294712e-42
722.5349 2.602961948484e-42
732.5965 2.5618729070879997e-42
742.7982 2.5208739819576e-42
753.142 2.4799737871476e-42
763.6298 2.439182261952e-42
774.2637 2.3985066951864e-42
785.0456 2.3579576887644e-42
795.9777 2.3175438567408e-42
807.062 2.27727447579e-42
818.3007 2.2371581599668e-42
829.6959 2.1972055111847998e-42
841.2497 2.1574244808791998e-42
852.9644 2.1178243457244e-42
864.8423 2.0784150450144e-42
876.8856 2.0392058554236e-42
889.0966 2.0002060536264e-42
901.4776 1.9614242536776e-42
914.0311 1.9228697322516e-42
926.7593 1.8845524286424e-42
939.6648 1.8464809569048e-42
952.75 1.8086645937132e-42
966.0175 1.7711126157419997e-42
979.4697 1.7338329744263997e-42
993.1092 1.6968356090604e-42
1006.939 1.6601291336988e-42
1020.961 1.6237214997768e-42
1035.178 1.5876226465884002e-42
1049.593 1.5518405255687998e-42
1064.209 1.5163830881532e-42
1079.029 1.4812589483964e-42
1094.055 1.4464760577335998e-42
1109.29 1.4120430302196001e-42
1124.737 1.37796715467e-42
1140.4 1.34425638252e-42
1156.28 1.3109173399656e-42
1172.382 1.2779586410615999e-42
1188.708 1.2453875746235998e-42
1205.261 1.2132094416083999e-42
1222.045 1.1814321934512e-42
1239.062 1.150062456348e-42
1256.317 1.1191061938752e-42
1273.811 1.0885693696092001e-42
1291.55 1.0584572845067998e-42
1309.535 1.0287772273836e-42
1327.771 9.995331739572e-43
1346.261 9.707297625648e-43
1365.008 9.423736194024001e-43
1384.016 9.144673949484e-43
1403.289 8.870163901596e-43
1422.83 8.600245807536e-43
1442.644 8.334952798284e-43
1462.733 8.07431800482e-43
1483.103 7.818374558124e-43
1503.755 7.56714896298e-43
1524.696 7.320667724172e-43
1545.928 7.078950720288e-43
1567.455 6.842011203719999e-43
1589.283 6.609869715675599e-43
1611.414 6.3825355328292e-43
1633.854 6.1600172692356e-43
1656.606 5.942319563232e-43
1679.675 5.7294437400576e-43
1703.065 5.5213884744732e-43
1726.781 5.318148465521999e-43
1750.827 5.1197150991492e-43
1775.208 4.926076448202e-43
1799.929 4.7372172724296e-43
1824.993 4.5531196811028006e-43
1850.407 4.3737618077747995e-43
1876.175 4.1991178102812e-43
1902.301 4.0291611838379995e-43
1928.792 3.8638594600848e-43
1955.651 3.703178845422e-43
1982.884 3.5470809079128e-43
2010.496 3.3955265530008e-43
2038.493 3.2484713851728e-43
2066.88 3.1058690210568e-43
2095.662 2.9676717520416002e-43
2124.845 2.8338265685591997e-43
2154.435 2.7042791358024e-43
2184.436 2.5789731311052e-43
2214.855 2.4578495813232e-43
2245.698 2.3408455375944003e-43
2276.97 2.2278973884371997e-43
2308.678 2.1189395345111998e-43
2340.827 2.0139037259976e-43
2373.424 1.9127203878384e-43
2406.475 1.8153166318776e-43
2439.986 1.7216195699592e-43
2473.964 1.6315543260684e-43
2508.415 1.5450440363315999e-43
2543.346 1.4620118368752e-43
2578.763 1.3823775507275998e-43
2614.673 1.3060616635368e-43
2651.084 1.2329839983312e-43
2688.001 1.1630617276608e-43
2725.433 1.0962133493148e-43
2763.385 1.0323560358432e-43
2801.867 9.714062971764e-44
2840.884 9.132806432447999e-44
2880.444 8.578955839787999e-44
2920.556 8.051676293088e-44
2961.225 7.550132891652e-44
3002.462 7.07349736098e-44
3044.272 6.6209288367996e-44
3086.665 6.1916149474812e-44
3129.648 5.7847360325796e-44
3173.23 5.399481708324e-44
3217.418 5.0350502049984e-44
3262.222 4.690648366941599e-44
3307.65 4.3654949656451995e-44
3353.71 4.0588187118948e-44
3400.412 3.7698602436287997e-44
3447.764 3.4978747764168e-44
3495.776 3.2421294529812003e-44
3544.456 3.0019073189148e-44
3593.814 2.7765059974416e-44
3643.859 2.5652396772756e-44
3694.601 2.3674377873816e-44
3746.05 2.1824483100732e-44
3798.215 2.0096357931539998e-44
3851.107 1.8483826751568e-44
3904.735 1.698088622724e-44
3959.11 1.5581745063252e-44
4014.242 1.4280777619199998e-44
4070.142 1.3072543788168e-44
4126.821 1.1951815501512e-44
4184.289 1.0913543597879999e-44
4242.556 9.952857823212e-45
4301.636 9.06509996172e-45
4361.538 8.245790704908e-45
4422.274 7.49064953016e-45
4483.856 6.79556156976e-45
4546.295 6.1566213437856e-45
4609.604 5.5700916776928e-45
4673.795 5.0324189425668e-45
4738.88 4.5402244410672e-45
4804.87 4.0903024195692e-45
4871.78 3.6796147672068e-45
4939.622 3.3052883653943994e-45
5008.408 2.9646104494895994e-45
5078.152 2.655020657358e-45
5148.867 2.3741123546123997e-45
5220.568 2.1196213700796e-45
5293.266 1.8894246705612e-45
5366.977 1.6815337346375998e-45
5441.714 1.4940892517112e-45
5517.492 1.3253571462888e-45
5594.326 1.1737199639268e-45
5672.229 1.0376742207528e-45
5751.217 9.158257651283999e-46
5831.305 8.068798383552e-46
5912.508 7.096417372944e-46
5994.843 6.2300707385868e-46
6078.323 5.4595799808048e-46
6162.966 4.7755902360852e-46
6248.788 4.1695132917924e-46
6335.805 3.633481202796e-46
6424.034 3.1602992454792e-46
6513.491 2.743404172704e-46
6604.194 2.3768165052e-46
6696.16 2.0551060753451997e-46
6789.407 1.7733443185548e-46
6883.952 1.5270744553992e-46
6979.814 1.3122697465692e-46
7077.011 1.1253023497547999e-46
7175.561 9.629101886651998e-47
7275.484 8.221664725272e-47
7376.798 7.00451866062e-47
7479.523 5.9542586431848e-47
7583.678 5.0500386603504e-47
7689.284 4.2733212661872e-47
7796.36 3.6076668684191996e-47
7904.928 3.0385276537284e-47
8015.007 2.5530640421256e-47
8126.619 2.1399684301368e-47
8239.786 1.7893101378168e-47
8354.528 1.4923869819587998e-47
8470.868 1.2415954026527999e-47
8588.829 1.0303052281812e-47
8708.431 8.527536558828e-48
8829.7 7.039432087343999e-48
8952.657 5.795510889895199e-48
9077.327 4.7584973008836e-48
9203.732 3.8963298083436e-48
9331.898 3.1815050605379997e-48
9461.848 2.5905007242864e-48
9593.608 2.1032553285792e-48
9727.203 1.7027084065752e-48
9862.658 1.374392321928e-48
10000.0 1.1060777673e-48
