# # E(Ryd) fnu(erg/s/Hz/cm^2)
1.000000000000000021e-02 2.576389566611993497e-22
1.013925000000000069e-02 2.576332991158720266e-22
1.028045000000000000e-02 2.576276415705447035e-22
1.042360999999999982e-02 2.576217744865015275e-22
1.056875999999999996e-02 2.576159074024583985e-22
1.071593000000000025e-02 2.576098307796994167e-22
1.086516000000000044e-02 2.576037541569404348e-22
1.101646000000000049e-02 2.575976775341814529e-22
1.116987000000000015e-02 2.575913913727066651e-22
1.132540999999999930e-02 2.575851052112318303e-22
1.148311999999999944e-02 2.575786095110411896e-22
1.164303000000000039e-02 2.575721138108505490e-22
1.180517000000000025e-02 2.575656181106599083e-22
1.196956000000000062e-02 2.575589128717534617e-22
1.213623999999999953e-02 2.575519980941311623e-22
1.230524000000000027e-02 2.575450833165088628e-22
1.247659999999999915e-02 2.575381685388866104e-22
1.265033999999999950e-02 2.575310442225484580e-22
1.282649999999999936e-02 2.575239199062103527e-22
1.300511000000000028e-02 2.575165860511563944e-22
1.318621000000000029e-02 2.575092521961024362e-22
1.336983999999999916e-02 2.575017088023326720e-22
1.355602000000000022e-02 2.574941654085629079e-22
1.374478999999999979e-02 2.574866220147931438e-22
1.393618999999999934e-02 2.574786595435917208e-22
1.413026000000000039e-02 2.574709066111061508e-22
1.432702999999999928e-02 2.574627346011888750e-22
1.452653999999999924e-02 2.574547721299874521e-22
1.472883000000000005e-02 2.574463905813543704e-22
1.493392999999999977e-02 2.574382185714371416e-22
1.514188999999999986e-02 2.574296274840882070e-22
1.535275000000000008e-02 2.574210363967393194e-22
1.556654000000000024e-02 2.574124453093903848e-22
1.578330999999999831e-02 2.574034351446098384e-22
1.600309999999999927e-02 2.573946345185450979e-22
1.622594999999999940e-02 2.573856243537645515e-22
1.645191000000000014e-02 2.573764046502681522e-22
1.668100999999999959e-02 2.573669754080559470e-22
1.691329999999999917e-02 2.573575461658437419e-22
1.714881999999999865e-02 2.573479073849157308e-22
1.738761999999999946e-02 2.573382686039876728e-22
1.762974999999999959e-02 2.573284202843438088e-22
1.787526000000000045e-02 2.573183624259840919e-22
1.812418000000000015e-02 2.573083045676244221e-22
1.837656000000000012e-02 2.572980371705488994e-22
1.863245999999999999e-02 2.572875602347575237e-22
1.889193000000000122e-02 2.572770832989661951e-22
1.915501000000000009e-02 2.572663968244590136e-22
1.942175000000000151e-02 2.572555008112359791e-22
1.969219999999999998e-02 2.572443952592971858e-22
1.996641999999999861e-02 2.572332897073583455e-22
2.024447000000000052e-02 2.572219746167036993e-22
2.052638000000000032e-02 2.572104499873332002e-22
2.081221999999999933e-02 2.571989253579627011e-22
2.110203000000000079e-02 2.571871911898763961e-22
2.139589000000000074e-02 2.571752474830742853e-22
2.169383999999999896e-02 2.571630942375563215e-22
2.199593000000000034e-02 2.571507314533225048e-22
2.230222999999999928e-02 2.571383686690887351e-22
2.261279999999999887e-02 2.571255868074233067e-22
2.292769000000000057e-02 2.571128049457578312e-22
2.324696999999999875e-02 2.570998135453765969e-22
2.357068999999999831e-02 2.570868221449953156e-22
2.389892999999999879e-02 2.570734116671823754e-22
2.423172999999999994e-02 2.570597916506536294e-22
2.456915999999999961e-02 2.570461716341248364e-22
2.491130000000000080e-02 2.570323420788802845e-22
2.525820000000000148e-02 2.570180934462040738e-22
2.560992999999999950e-02 2.570038448135278161e-22
2.596655999999999964e-02 2.569893866421357525e-22
2.632815000000000155e-02 2.569747189320278360e-22
2.669478000000000129e-02 2.569598416832041606e-22
2.706652000000000016e-02 2.569447548956645853e-22
2.744343000000000130e-02 2.569292490306934453e-22
2.782559000000000074e-02 2.569137431657222112e-22
2.821308000000000149e-02 2.568980277620352183e-22
2.860595999999999972e-02 2.568821028196323254e-22
2.900430000000000022e-02 2.568659683385136737e-22
2.940819999999999892e-02 2.568496243186791690e-22
2.981771999999999895e-02 2.568328612214130056e-22
3.023295000000000149e-02 2.568160981241468422e-22
3.065394999999999925e-02 2.567989159494490200e-22
3.108081999999999859e-02 2.567815242360353919e-22
3.151363000000000081e-02 2.567639229839059109e-22
3.195247999999999838e-02 2.567461121930606241e-22
3.239742999999999790e-02 2.567280918634995313e-22
3.284857000000000055e-02 2.567098619952225856e-22
3.330600000000000227e-02 2.566912130495139812e-22
3.376980000000000259e-02 2.566723545650895709e-22
3.424006000000000272e-02 2.566532865419493076e-22
3.471686999999999690e-02 2.566340089800932385e-22
3.520030999999999854e-02 2.566143123408055106e-22
3.569048999999999833e-02 2.565944061628019298e-22
3.618749999999999745e-02 2.565742904460825431e-22
3.669142000000000237e-02 2.565539651906473035e-22
3.720236999999999850e-02 2.565332208577804521e-22
3.772041999999999756e-02 2.565120574474819420e-22
3.824570000000000053e-02 2.564908940371833848e-22
3.877827999999999831e-02 2.564693115494532159e-22
3.931828999999999880e-02 2.564473099842913881e-22
3.986581000000000152e-02 2.564250988804137075e-22
4.042095999999999884e-02 2.564026782378202210e-22
4.098384000000000055e-02 2.563798385177951227e-22
4.155455000000000260e-02 2.563565797203383186e-22
4.213321999999999901e-02 2.563331113841656616e-22
4.271993999999999791e-02 2.563094335092772457e-22
4.331482999999999861e-02 2.562853365569571241e-22
4.391801000000000038e-02 2.562608205272053436e-22
4.452959000000000084e-02 2.562360949587378043e-22
4.514967999999999759e-02 2.562109503128385592e-22
4.577840999999999855e-02 2.561853865895077023e-22
4.641589000000000131e-02 2.561596133274609455e-22
4.706224999999999992e-02 2.561334209879825769e-22
4.771761000000000058e-02 2.561068095710725495e-22
4.838209999999999733e-02 2.560799886154467163e-22
4.905584000000000333e-02 2.560527485823891772e-22
4.973895999999999873e-02 2.560250894719000264e-22
5.043158999999999836e-02 2.559970112839792168e-22
5.113387999999999961e-02 2.559685140186267484e-22
5.184594000000000008e-02 2.559398072145584741e-22
5.256791000000000241e-02 2.559104717943426881e-22
5.329993999999999704e-02 2.558809268354110962e-22
5.404215999999999881e-02 2.558509627990477986e-22
5.479471999999999815e-02 2.558203701465370832e-22
5.555775999999999770e-02 2.557895679553105150e-22
5.633143000000000178e-02 2.557583466866522880e-22
5.711585999999999747e-02 2.557264968018465963e-22
5.791123000000000104e-02 2.556944373783250988e-22
5.871765999999999791e-02 2.556617493386560895e-22
5.953532999999999742e-02 2.556286422215554215e-22
6.036438999999999694e-02 2.555951160270230946e-22
6.120497999999999911e-02 2.555611707550591090e-22
6.205729000000000106e-02 2.555268064056635116e-22
6.292145999999999850e-02 2.554918134401204025e-22
6.379767000000000077e-02 2.554564013971456347e-22
6.468608000000000691e-02 2.554205702767392080e-22
6.558685999999999683e-02 2.553841105401853167e-22
6.650018000000000595e-02 2.553472317261997666e-22
6.742621999999999505e-02 2.553099338347826047e-22
6.836515999999999427e-02 2.552720073272178841e-22
6.931716999999999740e-02 2.552336617422215518e-22
7.028244000000000158e-02 2.551946875410777547e-22
7.126114999999999533e-02 2.551550847237864460e-22
7.225349000000000355e-02 2.551150628290635255e-22
7.325964999999999561e-02 2.550746218569088992e-22
7.427981999999999640e-02 2.550333427298910024e-22
7.531419999999999781e-02 2.549916445254413997e-22
7.636297999999999697e-02 2.549493177048443794e-22
7.742636999999999436e-02 2.549065718068156533e-22
7.850456000000000101e-02 2.548629877539236566e-22
7.959776999999999825e-02 2.548189846236000012e-22
8.070620000000000571e-02 2.547743528771288340e-22
8.183007000000000475e-02 2.547290925145102492e-22
8.296958999999999584e-02 2.546832035357441057e-22
8.412496999999999336e-02 2.546366859408304975e-22
8.529644000000000115e-02 2.545895397297694717e-22
8.648422999999999528e-02 2.545415553638450813e-22
8.768855999999999873e-02 2.544931519204890791e-22
8.890966000000000147e-02 2.544441198609855652e-22
9.014775999999999345e-02 2.543942496466187337e-22
9.140310999999999575e-02 2.543437508161044376e-22
9.267593000000000358e-02 2.542926233694426298e-22
9.396648000000000500e-02 2.542406577679175514e-22
9.527499999999999858e-02 2.541880635502449613e-22
9.660175000000000012e-02 2.541346311777091007e-22
9.794696999999999432e-02 2.540805701890257754e-22
9.931091999999999698e-02 2.540258805841948914e-22
1.006939000000000028e-01 2.539703528245007839e-22
1.020960999999999952e-01 2.539139869099433117e-22
1.035177999999999932e-01 2.538569923792383749e-22
1.049593000000000054e-01 2.537989501549543147e-22
1.064208999999999988e-01 2.537404888532385956e-22
1.079028999999999960e-01 2.536809798579437061e-22
1.094055000000000027e-01 2.536206327077855460e-22
1.109289999999999998e-01 2.535596569414799212e-22
1.124736999999999959e-01 2.534976334815951260e-22
1.140400000000000025e-01 2.534347718668470132e-22
1.156279999999999947e-01 2.533712816359514357e-22
1.172382000000000007e-01 2.533067437114767348e-22
1.188707999999999987e-01 2.532413676321387163e-22
1.205260999999999971e-01 2.531749438592215743e-22
1.222044999999999937e-01 2.531078914701569676e-22
1.239061999999999941e-01 2.530397913875131905e-22
1.256317000000000128e-01 2.529706436112902899e-22
1.273810999999999971e-01 2.529006576802040718e-22
1.291549999999999920e-01 2.528298335942545360e-22
1.309535000000000005e-01 2.527579618147259239e-22
1.327771000000000090e-01 2.526850423416181412e-22
1.346260999999999985e-01 2.526110751749311881e-22
1.365008000000000055e-01 2.525362698533809644e-22
1.384016000000000135e-01 2.524604168382515703e-22
1.403289000000000064e-01 2.523835161295430997e-22
1.422829999999999928e-01 2.523053581885396527e-22
1.442643999999999871e-01 2.522263620926728882e-22
1.462732999999999950e-01 2.521463183032270002e-22
1.483103000000000060e-01 2.520650172814860888e-22
1.503754999999999953e-01 2.519826685661661480e-22
1.524696000000000107e-01 2.518992721572669427e-22
1.545928000000000024e-01 2.518148280547887080e-22
1.567455000000000098e-01 2.517291267200154969e-22
1.589282999999999946e-01 2.516421681529472624e-22
1.611413999999999902e-01 2.515541618922999515e-22
1.633853999999999862e-01 2.514648983993576642e-22
1.656605999999999912e-01 2.513743776741204006e-22
1.679674999999999918e-01 2.512828092553040135e-22
1.703064999999999996e-01 2.511897740654768911e-22
1.726781000000000010e-01 2.510956911820705513e-22
1.750827000000000078e-01 2.510001415276534763e-22
1.775208000000000064e-01 2.509033346409414249e-22
1.799929000000000112e-01 2.508052705219343501e-22
1.824993000000000032e-01 2.507059491706323930e-22
1.850407000000000024e-01 2.506051610483196066e-22
1.876174999999999926e-01 2.505031156937118908e-22
1.902301000000000131e-01 2.503996035680933459e-22
1.928792000000000006e-01 2.502948342101798715e-22
1.955650999999999917e-01 2.501883885425397620e-22
1.982884000000000035e-01 2.500806856426046762e-22
2.010495999999999950e-01 2.499715159716588551e-22
2.038493000000000110e-01 2.498608795297022048e-22
2.066880000000000106e-01 2.497487763167347722e-22
2.095662000000000080e-01 2.496352063327565574e-22
2.124844999999999928e-01 2.495199600390517544e-22
2.154435000000000100e-01 2.494032469743361222e-22
2.184435999999999878e-01 2.492848575998938549e-22
2.214855000000000018e-01 2.491650014544408523e-22
2.245698000000000139e-01 2.490434689992612145e-22
2.276970000000000105e-01 2.489204697730707475e-22
2.308678000000000119e-01 2.487955846984378865e-22
2.340827000000000047e-01 2.486692328527942432e-22
2.373424000000000089e-01 2.485409951587081119e-22
2.406474999999999864e-01 2.484110811548953924e-22
2.439986000000000099e-01 2.482794908413560378e-22
2.473963999999999885e-01 2.481462242180900951e-22
2.508414999999999950e-01 2.480110717463817113e-22
2.543346000000000218e-01 2.478740334262308865e-22
2.578763000000000027e-01 2.477353187963534266e-22
2.614673000000000136e-01 2.475945087793177197e-22
2.651084000000000218e-01 2.474520224525553777e-22
2.688000999999999863e-01 2.473076502773505476e-22
2.725432999999999883e-01 2.471613922537033235e-22
2.763384999999999869e-01 2.470130388428978525e-22
2.801867000000000107e-01 2.468627995836498935e-22
2.840884000000000187e-01 2.467104649372436875e-22
2.880443999999999782e-01 2.465562444423950405e-22
2.920556000000000263e-01 2.463997190216722937e-22
2.961225000000000107e-01 2.462413077525071058e-22
3.002462000000000186e-01 2.460808010961836710e-22
3.044272000000000089e-01 2.459181990527019423e-22
3.086665000000000103e-01 2.457535016220619197e-22
3.129647999999999874e-01 2.455864992655478442e-22
3.173230000000000217e-01 2.454171919831596219e-22
3.217418000000000222e-01 2.452457893136131997e-22
3.262222000000000177e-01 2.450720817181926307e-22
3.307649999999999757e-01 2.448960691968979619e-22
3.353709999999999747e-01 2.447177517497291932e-22
3.400411999999999879e-01 2.445371293766863717e-22
3.447763999999999829e-01 2.443539925390535975e-22
3.495775999999999883e-01 2.441685507755467235e-22
3.544456000000000273e-01 2.439808040861657497e-22
3.593814000000000175e-01 2.437903333934790172e-22
3.643858999999999848e-01 2.435975577749182320e-22
3.694601000000000135e-01 2.434020581530516881e-22
3.746050000000000213e-01 2.432040440665951445e-22
3.798214999999999786e-01 2.430035155155487423e-22
3.851106999999999725e-01 2.428004724999124343e-22
3.904734999999999734e-01 2.425944959422545148e-22
3.959110000000000129e-01 2.423860049200066896e-22
4.014242000000000088e-01 2.421747898944531058e-22
4.070141999999999927e-01 2.419608508655937633e-22
4.126820999999999962e-01 2.417439782947128564e-22
4.184288999999999925e-01 2.415245912592419968e-22
4.242556000000000105e-01 2.413020611430337668e-22
4.301635999999999793e-01 2.410765974848039253e-22
4.361537999999999804e-01 2.408484098232683722e-22
4.422273999999999927e-01 2.406172886197112075e-22
4.483855999999999953e-01 2.403830243354166725e-22
4.546295000000000197e-01 2.401458265091005260e-22
4.609603999999999924e-01 2.399054856020470091e-22
4.673795000000000033e-01 2.396620016142560278e-22
4.738879999999999759e-01 2.394155840844435291e-22
4.804869999999999974e-01 2.391658139351778070e-22
4.871779999999999999e-01 2.389129007051746676e-22
4.939622000000000179e-01 2.386566348557182578e-22
5.008407999999999749e-01 2.383972259255244777e-22
5.078152000000000221e-01 2.381344643758774273e-22
5.148867000000000305e-01 2.378683502067772006e-22
5.220567999999999875e-01 2.375986738795078507e-22
5.293265999999999805e-01 2.373256449327853716e-22
5.366977000000000553e-01 2.370492633666095281e-22
5.441713999999999718e-01 2.367693196422647495e-22
5.517492000000000507e-01 2.364856042210350419e-22
5.594325999999999466e-01 2.361985361803520639e-22
5.672228999999999743e-01 2.359076964427842039e-22
5.751216999999999580e-01 2.356132945470473147e-22
5.831304999999999961e-01 2.353149114157097375e-22
5.912507999999999653e-01 2.350129661262030842e-22
5.994842999999999700e-01 2.347072491398115018e-22
6.078322999999999920e-01 2.343975509178192314e-22
6.162965999999999722e-01 2.340840809989420790e-22
6.248787999999999565e-01 2.337666298444642386e-22
6.335804999999999909e-01 2.334449879156698103e-22
6.424033999999999578e-01 2.331195742899905470e-22
6.513491000000000142e-01 2.327899698899947428e-22
6.604193999999999898e-01 2.324563842543982037e-22
6.696159999999999890e-01 2.321186078444851237e-22
6.789406999999999526e-01 2.317764311215396970e-22
6.883951999999999849e-01 2.314302731629934883e-22
6.979813999999999741e-01 2.310797148914149798e-22
7.077010999999999719e-01 2.307247563068041247e-22
7.175561000000000300e-01 2.303653974091608287e-22
7.275483999999999840e-01 2.300016381984852331e-22
7.376797999999999966e-01 2.296334786747772436e-22
7.479523000000000144e-01 2.292607092993210546e-22
7.583678000000000363e-01 2.288835396108325188e-22
7.689283999999999564e-01 2.285015505318799774e-22
7.796359999999999957e-01 2.281149516011791895e-22
7.904927999999999955e-01 2.277237428187302488e-22
8.015006999999999548e-01 2.273275051071014498e-22
8.126619000000000481e-01 2.269266575437244511e-22
8.239786000000000055e-01 2.265209905898833999e-22
8.354527999999999954e-01 2.261102947068625843e-22
8.470868000000000286e-01 2.256945698946618632e-22
8.588829000000000047e-01 2.252740256919970896e-22
8.708430999999999811e-01 2.248484525601525516e-22
8.829700000000000326e-01 2.244176409604123023e-22
8.952657000000000531e-01 2.239815908927763416e-22
9.077326999999999479e-01 2.235405118959606166e-22
9.203732000000000024e-01 2.230941944312491332e-22
9.331897999999999582e-01 2.226424289599261796e-22
9.461848000000000480e-01 2.221852154819917558e-22
9.593608000000000136e-01 2.217227635361616207e-22
9.727202999999999822e-01 2.212548635837199683e-22
9.862657999999999703e-01 2.207815156246668458e-22
1.000000000000000000e+00 2.203025101202864001e-22
1.013924999999999965e+00 2.198178470705786314e-22
1.028045000000000098e+00 2.193275264755435395e-22
1.042361000000000093e+00 2.188315483351810776e-22
1.056875999999999927e+00 2.183299126494912925e-22
1.071593000000000018e+00 2.178224098797583785e-22
1.086516000000000037e+00 2.173088304872664825e-22
1.101645999999999903e+00 2.167895935494472165e-22
1.116986999999999952e+00 2.162642799888690156e-22
1.132541000000000020e+00 2.157328898055318328e-22
1.148311999999999999e+00 2.151956325381514740e-22
1.164303000000000088e+00 2.146520891092962804e-22
1.180517000000000039e+00 2.141024690576821519e-22
1.196955999999999909e+00 2.135465628445932357e-22
1.213624000000000036e+00 2.129843704700294376e-22
1.230523999999999951e+00 2.124158919339908988e-22
1.247659999999999991e+00 2.118411272364775252e-22
1.265033999999999992e+00 2.112598668387734639e-22
1.282650000000000068e+00 2.106721107408788090e-22
1.300510999999999973e+00 2.100780684815093663e-22
1.318621000000000043e+00 2.094771743061323753e-22
1.336983999999999950e+00 2.088697844305647201e-22
1.355601999999999974e+00 2.082557312238337936e-22
1.374479000000000006e+00 2.076349518243247977e-22
1.393618999999999941e+00 2.070074252781662034e-22
1.413025999999999893e+00 2.063731096776147885e-22
1.432703000000000060e+00 2.057319421610558253e-22
1.452653999999999890e+00 2.050838598668746097e-22
1.472882999999999942e+00 2.044288627950710711e-22
1.493392999999999970e+00 2.037668671301589295e-22
1.514189000000000007e+00 2.030978309643949861e-22
1.535274999999999945e+00 2.024217333439076885e-22
1.556653999999999982e+00 2.017385114070822620e-22
1.578330999999999928e+00 2.010481442000471309e-22
1.600309999999999899e+00 2.003505688611875673e-22
1.622595000000000010e+00 1.996457434827603960e-22
1.645191000000000070e+00 1.989336471108940176e-22
1.668101000000000056e+00 1.982142168839737046e-22
1.691330000000000000e+00 1.974874318481278573e-22
1.714882000000000017e+00 1.967532500956133007e-22
1.738761999999999919e+00 1.960116087648153070e-22
1.762974999999999959e+00 1.952625078557339232e-22
1.787525999999999948e+00 1.945059054606258565e-22
1.812418000000000085e+00 1.937417596717480962e-22
1.837655999999999956e+00 1.929700285813573495e-22
1.863245999999999958e+00 1.921906912355821110e-22
1.889192999999999900e+00 1.914037266805507578e-22
1.915500999999999898e+00 1.906090720546485387e-22
1.942174999999999985e+00 1.898067483117470767e-22
1.969219999999999970e+00 1.889966716363599976e-22
1.996642000000000028e+00 1.881788629823589009e-22
2.024446999999999885e+00 1.873532594881290589e-22
2.052637999999999963e+00 1.865198821075420475e-22
2.081221999999999905e+00 1.856786679789830685e-22
2.110202999999999829e+00 1.848296171024521924e-22
2.139588999999999963e+00 1.839727085240778198e-22
2.169383999999999979e+00 1.831079212899883044e-22
2.199593000000000131e+00 1.822352344463121407e-22
2.230223000000000066e+00 1.813546479930493052e-22
2.261280000000000179e+00 1.804661409763281986e-22
2.292768999999999835e+00 1.795697133961488209e-22
2.324697000000000013e+00 1.786653442986396431e-22
2.357069000000000081e+00 1.777530336838005713e-22
2.389892999999999823e+00 1.768327815516316995e-22
2.423172999999999799e+00 1.759045669482613813e-22
2.456916000000000100e+00 1.749683898736896166e-22
2.491130000000000067e+00 1.740242922356596513e-22
2.525819999999999954e+00 1.730722321264282160e-22
2.560992999999999853e+00 1.721122304998669573e-22
2.596655999999999853e+00 1.711442873559758279e-22
2.632814999999999905e+00 1.701684446024980504e-22
2.669477999999999795e+00 1.691846812855620017e-22
2.706652000000000058e+00 1.681930393129108806e-22
2.744343000000000199e+00 1.671934977306730408e-22
2.782559000000000005e+00 1.661861194004633039e-22
2.821308000000000149e+00 1.651709043222816229e-22
2.860596000000000139e+00 1.641478944038711966e-22
2.900430000000000064e+00 1.631170896452320015e-22
2.940819999999999990e+00 1.620785529079787653e-22
2.981771999999999867e+00 1.610322841921115349e-22
3.023295000000000066e+00 1.599783673131166374e-22
3.065395000000000092e+00 1.589168022709940259e-22
3.108082000000000011e+00 1.578476519273584984e-22
3.151362999999999914e+00 1.567709581899531833e-22
3.195247999999999866e+00 1.556867629665212559e-22
3.239742999999999817e+00 1.545951291186774907e-22
3.284857000000000138e+00 1.534960985541650397e-22
3.330600000000000005e+00 1.523897550884702298e-22
3.376980000000000093e+00 1.512761406293361893e-22
3.424005999999999883e+00 1.501553180383777399e-22
3.471687000000000189e+00 1.490273920849527610e-22
3.520030999999999910e+00 1.478923837229327816e-22
3.569049000000000138e+00 1.467503977216757985e-22
3.618749999999999911e+00 1.456015178966681154e-22
3.669141999999999904e+00 1.444458280633960358e-22
3.720237000000000016e+00 1.432834120373459102e-22
3.772041999999999895e+00 1.421143326801324898e-22
3.824570000000000025e+00 1.409387366688568529e-22
3.877828000000000053e+00 1.397566868651337505e-22
3.931829000000000018e+00 1.385683089921926616e-22
3.986581000000000152e+00 1.373736868655199368e-22
4.042095999999999911e+00 1.361729671622166541e-22
4.098384000000000249e+00 1.349662127438975413e-22
4.155454999999999899e+00 1.337535912415352760e-22
4.213321999999999790e+00 1.325352074244877612e-22
4.271994000000000291e+00 1.313111660621129468e-22
4.331483000000000416e+00 1.300816347853834399e-22
4.391801000000000066e+00 1.288467393175287663e-22
4.452958999999999889e+00 1.276066053817784284e-22
4.514967999999999648e+00 1.263614006091050568e-22
4.577841000000000271e+00 1.251112716766097768e-22
4.641588999999999743e+00 1.238563443075220436e-22
4.706224999999999881e+00 1.225967861328145348e-22
4.771760999999999697e+00 1.213327647834599282e-22
4.838210000000000122e+00 1.200644688443024301e-22
4.905584000000000167e+00 1.187920240385715900e-22
4.973895999999999873e+00 1.175156399049831667e-22
5.043159000000000169e+00 1.162354840745098848e-22
5.113387999999999600e+00 1.149517241781243515e-22
5.184593999999999703e+00 1.136645697545424431e-22
5.256790999999999769e+00 1.123742093886083661e-22
5.329994000000000121e+00 1.110808316651663976e-22
5.404215999999999909e+00 1.097846461229323199e-22
5.479472000000000342e+00 1.084858623006220095e-22
5.555775999999999826e+00 1.071846687830796963e-22
5.633142999999999567e+00 1.058812751090211862e-22
5.711585999999999608e+00 1.045759327249054957e-22
5.791122999999999799e+00 1.032688302155768430e-22
5.871766000000000041e+00 1.019601980736226803e-22
5.953533000000000186e+00 1.006502877455019419e-22
6.036438999999999666e+00 9.933930876993050419e-23
6.120498000000000438e+00 9.802751259336733651e-23
6.205728999999999829e+00 9.671512970839984418e-23
6.292145999999999795e+00 9.540241156148704363e-23
6.379767000000000188e+00 9.408960959908790427e-23
6.468607999999999691e+00 9.277697526766143078e-23
6.558685999999999794e+00 9.146473905979502843e-23
6.650018000000000207e+00 9.015317337581927779e-23
6.742621999999999893e+00 8.884257156993632355e-23
6.836515999999999593e+00 8.753314318086199511e-23
6.931716999999999906e+00 8.622520251667003656e-23
7.028243999999999936e+00 8.491898006994787669e-23
7.126115000000000421e+00 8.361479014876923607e-23
7.225348999999999577e+00 8.231288419959308412e-23
7.325965000000000060e+00 8.101353462275004843e-23
7.427982000000000085e+00 7.971703477244223841e-23
7.531419999999999781e+00 7.842365704900026991e-23
7.636298000000000030e+00 7.713371576049786349e-23
7.742637000000000214e+00 7.584744139952241269e-23
7.850456000000000323e+00 7.456516922801926099e-23
7.959776999999999880e+00 7.328717164631898896e-23
8.070619999999999905e+00 7.201374200862374128e-23
8.183006999999999920e+00 7.074515271526408677e-23
8.296958999999999307e+00 6.948173902818536891e-23
8.412497000000000114e+00 6.822375239384656888e-23
8.529643999999999338e+00 6.697148616644984311e-23
8.648422999999999305e+00 6.572525465406893570e-23
8.768855999999999540e+00 6.448535121090600310e-23
8.890966000000000591e+00 6.325206919116320176e-23
9.014775999999999456e+00 6.202568099517110049e-23
9.140311000000000519e+00 6.080647997713187924e-23
9.267592999999999748e+00 5.959478044511925859e-23
9.396648000000000778e+00 5.839085479946380736e-23
9.527499999999999858e+00 5.719499639436770550e-23
9.660175000000000622e+00 5.600749858403309771e-23
9.794696999999999321e+00 5.482861281491897691e-23
9.931091999999999587e+00 5.365865339509908718e-23
1.006939000000000028e+01 5.249789272490399734e-23
1.020960999999999963e+01 5.134658225079270619e-23
1.035177999999999976e+01 5.020503628083895781e-23
1.049592999999999954e+01 4.907350626150172750e-23
1.064208999999999961e+01 4.795224363924002581e-23
1.079029000000000060e+01 4.684152081438442154e-23
1.094055000000000000e+01 4.574158923339390174e-23
1.109290000000000020e+01 4.465272129659904698e-23
1.124737000000000009e+01 4.357514749658726841e-23
1.140399999999999991e+01 4.250911927981755307e-23
1.156279999999999930e+01 4.145484618500573624e-23
1.172381999999999991e+01 4.041260061248238085e-23
1.188707999999999920e+01 3.938261305483490392e-23
1.205260999999999960e+01 3.836505114303597721e-23
1.222044999999999959e+01 3.736016632354456426e-23
1.239062000000000019e+01 3.636816813507652383e-23
1.256316999999999950e+01 3.538924516247608005e-23
1.273811000000000071e+01 3.442358599058748643e-23
1.291549999999999976e+01 3.347135825038340295e-23
1.309534999999999982e+01 3.253279243445123490e-23
1.327771000000000079e+01 3.160801426602047874e-23
1.346260999999999974e+01 3.069717042219221856e-23
1.365008000000000088e+01 2.980047044168228377e-23
1.384015999999999913e+01 2.891799813997699554e-23
1.403289000000000009e+01 2.804992114804901973e-23
1.422830000000000084e+01 2.719636518912785281e-23
1.442643999999999949e+01 2.635743503257141535e-23
1.462733000000000061e+01 2.553323544773760736e-23
1.483103000000000016e+01 2.472387120398434941e-23
1.503754999999999953e+01 2.392942611679797148e-23
1.524695999999999962e+01 2.314998400166480653e-23
1.545927999999999969e+01 2.238560772019959983e-23
1.567454999999999998e+01 2.163633918014551786e-23
1.589283000000000001e+01 2.090224333850446760e-23
1.611413999999999902e+01 2.018334953069666588e-23
1.633853999999999829e+01 1.947968499675516195e-23
1.656606000000000023e+01 1.879126440439007302e-23
1.679674999999999940e+01 1.811809194437571662e-23
1.703065000000000140e+01 1.746016342593776935e-23
1.726781000000000077e+01 1.681746208597896697e-23
1.750826999999999956e+01 1.618996068446625437e-23
1.775207999999999942e+01 1.557762150443078260e-23
1.799928999999999846e+01 1.498039635196790891e-23
1.824992999999999910e+01 1.439822865162435843e-23
1.850406999999999869e+01 1.383104925562391544e-23
1.876174999999999926e+01 1.327877644386740283e-23
1.902300999999999931e+01 1.274132640086848768e-23
1.928791999999999973e+01 1.221859645265641993e-23
1.955650999999999939e+01 1.171047973448612317e-23
1.982883999999999958e+01 1.121685471390241995e-23
2.010495999999999839e+01 1.073759776306297257e-23
2.038493000000000066e+01 1.027256849102817616e-23
2.066880000000000095e+01 9.821620220696952499e-24
2.095662000000000091e+01 9.384602084193905823e-24
2.124844999999999828e+01 8.961346450546374681e-24
2.154435000000000144e+01 8.551681498007381556e-24
2.184436000000000178e+01 8.155429118668471168e-24
2.214855000000000018e+01 7.772402823072559060e-24
2.245698000000000150e+01 7.402403549439611129e-24
2.276970000000000027e+01 7.045230140602431569e-24
2.308678000000000097e+01 6.700675153232352687e-24
2.340827000000000169e+01 6.368522762452071003e-24
2.373423999999999978e+01 6.048552952609970649e-24
2.406475000000000009e+01 5.740535231118640467e-24
2.439986000000000033e+01 5.444239105390670769e-24
2.473964000000000141e+01 5.159427796677177044e-24
2.508415000000000106e+01 4.885858240067800691e-24
2.543346000000000018e+01 4.623287370652181644e-24
2.578763000000000005e+01 4.371461646584170418e-24
2.614673000000000158e+01 4.130129621404773360e-24
2.651084000000000174e+01 3.899037753267840252e-24
2.688000999999999863e+01 3.677924118778587290e-24
2.725432999999999950e+01 3.466530985316548201e-24
2.763384999999999891e+01 3.264596429486938078e-24
2.801867000000000019e+01 3.071856432507815457e-24
2.840884000000000142e+01 2.888046975597238870e-24
2.880443999999999960e+01 2.712904039973265385e-24
2.920555999999999841e+01 2.546163606853952800e-24
2.961224999999999952e+01 2.387561657457360752e-24
3.002461999999999875e+01 2.236836268388704336e-24
3.044272000000000133e+01 2.093721535017598977e-24
3.086664999999999992e+01 1.957960562878441393e-24
3.129647999999999897e+01 1.829294152579753145e-24
3.173229999999999862e+01 1.707466038272078284e-24
3.217417999999999978e+01 1.592222678109266044e-24
3.262221999999999866e+01 1.483313254248471204e-24
3.307650000000000290e+01 1.380490720543734397e-24
3.353710000000000235e+01 1.283511173929832560e-24
3.400412000000000035e+01 1.192134483038427749e-24
3.447764000000000095e+01 1.106125126352931225e-24
3.495776000000000039e+01 1.025251354053637710e-24
3.544456000000000273e+01 9.492864452500226304e-25
3.593813999999999709e+01 8.780082889033095180e-25
3.643858999999999781e+01 8.112000124426173453e-25
3.694601000000000113e+01 7.486495626875290301e-25
3.746050000000000324e+01 6.901507535416712770e-25
3.798214999999999719e+01 6.355026373765656802e-25
3.851106999999999658e+01 5.845099241090615054e-25
3.904735000000000156e+01 5.369827716626196665e-25
3.959109999999999729e+01 4.927380431996073038e-25
4.014242000000000132e+01 4.515978403502873664e-25
4.070141999999999882e+01 4.133901318289658090e-25
4.126821000000000339e+01 3.779495915888553643e-25
4.184288999999999703e+01 3.451165511284956559e-25
4.242555999999999727e+01 3.147369994917539326e-25
4.301635999999999882e+01 2.866636309614038538e-25
4.361538000000000181e+01 2.607547973655464289e-25
4.422274000000000171e+01 2.368751366937573525e-25
4.483856000000000108e+01 2.148945254035081276e-25
4.546294999999999931e+01 1.946894613756902996e-25
4.609604000000000212e+01 1.761417647745774986e-25
4.673794999999999789e+01 1.591390599868716819e-25
4.738880000000000337e+01 1.435745032213727314e-25
4.804869999999999663e+01 1.293467196473634987e-25
4.871779999999999688e+01 1.163596357636373685e-25
4.939621999999999957e+01 1.045223955830117062e-25
5.008408000000000015e+01 9.374921395522699562e-26
5.078152000000000044e+01 8.395912512048768861e-26
5.148866999999999905e+01 7.507602461720542384e-26
5.220568000000000097e+01 6.702831306618211754e-26
5.293265999999999849e+01 5.974885426286682544e-26
5.366976999999999975e+01 5.317476563863986868e-26
5.441714000000000340e+01 4.724725062984018959e-26
5.517492000000000019e+01 4.191147295453586854e-26
5.594326000000000221e+01 3.711628421219355993e-26
5.672229000000000099e+01 3.281414006819210696e-26
5.751216999999999757e+01 2.896095357672152386e-26
5.831304999999999694e+01 2.551578087270921915e-26
5.912507999999999697e+01 2.244084212569159053e-26
5.994843000000000188e+01 1.970121351790175385e-26
6.078323000000000320e+01 1.726470780720152841e-26
6.162966000000000122e+01 1.510174231769046528e-26
6.248787999999999698e+01 1.318515873641022898e-26
6.335804999999999865e+01 1.149007643624352519e-26
6.424034000000000333e+01 9.993743703425860394e-27
6.513491000000000497e+01 8.675405728154573077e-27
6.604193999999999676e+01 7.516153736713441054e-27
6.696160000000000423e+01 6.498816031340439775e-27
6.789406999999999925e+01 5.607807122352361840e-27
6.883951999999999316e+01 4.829033435722683831e-27
6.979814000000000362e+01 4.149761303690601838e-27
7.077011000000000251e+01 3.558518481564588645e-27
7.175561000000000433e+01 3.044989378364481063e-27
7.275484000000000151e+01 2.599918669012204145e-27
7.376797999999999433e+01 2.215023288071116474e-27
7.479523000000000366e+01 1.882901909020777857e-27
7.583678000000000452e+01 1.596962443861272029e-27
7.689284000000000674e+01 1.351342837478623624e-27
7.796359999999999957e+01 1.140844434333165262e-27
7.904927999999999599e+01 9.608668119189161202e-28
8.015006999999999948e+01 8.073497385392967506e-28
8.126618999999999460e+01 6.767174360087200557e-28
8.239785999999999433e+01 5.658295475930871065e-28
8.354528000000000532e+01 4.719342013374423557e-28
8.470868000000000109e+01 3.926269404776713444e-28
8.588828999999999780e+01 3.258111206232093231e-28
8.708431000000000211e+01 2.696643835625092297e-28
8.829699999999999704e+01 2.226063883008039424e-28
8.952657000000000664e+01 1.832701461637815543e-28
9.077326999999999657e+01 1.504768971055574085e-28
9.203731999999999402e+01 1.232127670957310874e-28
9.331897999999999627e+01 1.006080237865196474e-28
9.461848000000000525e+01 8.191882569060888946e-29
9.593608000000000402e+01 6.651077339196108529e-29
9.727203000000000088e+01 5.384436755893653579e-29
9.862658000000000413e+01 4.346210135939862364e-29
1.000000000000000000e+02 3.497725013941709051e-29
1.013924999999999983e+02 2.806385547265151502e-29
1.028045000000000044e+02 2.244796644202970782e-29
1.042360999999999933e+02 1.790013605833397422e-29
1.056876000000000033e+02 1.422874326132771501e-29
1.071593000000000018e+02 1.127427251281332597e-29
1.086516000000000020e+02 8.904364492164387331e-30
1.101645999999999930e+02 7.009551983458573717e-30
1.116987000000000023e+02 5.499592947950681301e-30
1.132540999999999940e+02 4.300348397206813320e-30
1.148311999999999955e+02 3.351112869864735964e-30
1.164303000000000026e+02 2.602353508890113747e-30
1.180516999999999967e+02 2.013789220168516203e-30
1.196955999999999989e+02 1.552784558248608398e-30
1.213623999999999938e+02 1.192988143766706811e-30
1.230524000000000058e+02 9.132024116136074537e-31
1.247660000000000053e+02 6.964364959390488012e-31
1.265033999999999992e+02 5.291238125868132889e-31
1.282649999999999864e+02 4.004712318433698345e-31
1.300510999999999910e+02 3.019262214835245732e-31
1.318620999999999981e+02 2.267366059284693716e-31
1.336983999999999924e+02 1.695941408901594955e-31
1.355602000000000089e+02 1.263408239072108687e-31
1.374479000000000042e+02 9.373374999799896672e-32
1.393618999999999915e+02 6.925369804375087759e-32
1.413026000000000124e+02 5.095176940243153407e-32
1.432702999999999918e+02 3.732670299062700061e-32
1.452653999999999996e+02 2.722689498002384584e-32
1.472882999999999925e+02 1.977281289709982755e-32
1.493393000000000086e+02 1.429565945022705751e-32
1.514189000000000078e+02 1.028912204957850587e-32
1.535275000000000034e+02 7.371630693633262001e-33
1.556654000000000053e+02 5.256930351925783307e-33
1.578331000000000017e+02 3.731264294279501212e-33
