# # E(Ryd) fnu(erg/s/Hz/cm^2)
1.000000000000000021e-02 2.580427377665979291e-19
1.013925000000000069e-02 2.580427377665979291e-19
1.028045000000000000e-02 2.580425282278820886e-19
1.042360999999999982e-02 2.580425282278820886e-19
1.056875999999999996e-02 2.580425282278820886e-19
1.071593000000000025e-02 2.580425282278820886e-19
1.086516000000000044e-02 2.580423186891662481e-19
1.101646000000000049e-02 2.580423186891662481e-19
1.116987000000000015e-02 2.580423186891662481e-19
1.132540999999999930e-02 2.580421091504504076e-19
1.148311999999999944e-02 2.580421091504504076e-19
1.164303000000000039e-02 2.580421091504504076e-19
1.180517000000000025e-02 2.580418996117346153e-19
1.196956000000000062e-02 2.580418996117346153e-19
1.213623999999999953e-02 2.580418996117346153e-19
1.230524000000000027e-02 2.580416900730187748e-19
1.247659999999999915e-02 2.580416900730187748e-19
1.265033999999999950e-02 2.580416900730187748e-19
1.282649999999999936e-02 2.580414805343029343e-19
1.300511000000000028e-02 2.580414805343029343e-19
1.318621000000000029e-02 2.580414805343029343e-19
1.336983999999999916e-02 2.580412709955870938e-19
1.355602000000000022e-02 2.580412709955870938e-19
1.374478999999999979e-02 2.580412709955870938e-19
1.393618999999999934e-02 2.580410614568712533e-19
1.413026000000000039e-02 2.580410614568712533e-19
1.432702999999999928e-02 2.580410614568712533e-19
1.452653999999999924e-02 2.580408519181554610e-19
1.472883000000000005e-02 2.580408519181554610e-19
1.493392999999999977e-02 2.580406423794396686e-19
1.514188999999999986e-02 2.580406423794396686e-19
1.535275000000000008e-02 2.580406423794396686e-19
1.556654000000000024e-02 2.580404328407238281e-19
1.578330999999999831e-02 2.580404328407238281e-19
1.600309999999999927e-02 2.580402233020079876e-19
1.622594999999999940e-02 2.580402233020079876e-19
1.645191000000000014e-02 2.580400137632921471e-19
1.668100999999999959e-02 2.580400137632921471e-19
1.691329999999999917e-02 2.580398042245763067e-19
1.714881999999999865e-02 2.580398042245763067e-19
1.738761999999999946e-02 2.580398042245763067e-19
1.762974999999999959e-02 2.580395946858605143e-19
1.787526000000000045e-02 2.580395946858605143e-19
1.812418000000000015e-02 2.580393851471446738e-19
1.837656000000000012e-02 2.580393851471446738e-19
1.863245999999999999e-02 2.580391756084288333e-19
1.889193000000000122e-02 2.580391756084288333e-19
1.915501000000000009e-02 2.580389660697129928e-19
1.942175000000000151e-02 2.580389660697129928e-19
1.969219999999999998e-02 2.580387565309971524e-19
1.996641999999999861e-02 2.580387565309971524e-19
2.024447000000000052e-02 2.580385469922814082e-19
2.052638000000000032e-02 2.580383374535655677e-19
2.081221999999999933e-02 2.580383374535655677e-19
2.110203000000000079e-02 2.580381279148497272e-19
2.139589000000000074e-02 2.580381279148497272e-19
2.169383999999999896e-02 2.580379183761338867e-19
2.199593000000000034e-02 2.580379183761338867e-19
2.230222999999999928e-02 2.580377088374180462e-19
2.261279999999999887e-02 2.580374992987022539e-19
2.292769000000000057e-02 2.580374992987022539e-19
2.324696999999999875e-02 2.580372897599864134e-19
2.357068999999999831e-02 2.580372897599864134e-19
2.389892999999999879e-02 2.580370802212705729e-19
2.423172999999999994e-02 2.580368706825547324e-19
2.456915999999999961e-02 2.580368706825547324e-19
2.491130000000000080e-02 2.580366611438388919e-19
2.525820000000000148e-02 2.580364516051230996e-19
2.560992999999999950e-02 2.580364516051230996e-19
2.596655999999999964e-02 2.580362420664072591e-19
2.632815000000000155e-02 2.580360325276914667e-19
2.669478000000000129e-02 2.580358229889756262e-19
2.706652000000000016e-02 2.580358229889756262e-19
2.744343000000000130e-02 2.580356134502597857e-19
2.782559000000000074e-02 2.580354039115439452e-19
2.821308000000000149e-02 2.580351943728281529e-19
2.860595999999999972e-02 2.580351943728281529e-19
2.900430000000000022e-02 2.580349848341123124e-19
2.940819999999999892e-02 2.580347752953964719e-19
2.981771999999999895e-02 2.580345657566806314e-19
3.023295000000000149e-02 2.580345657566806314e-19
3.065394999999999925e-02 2.580343562179648391e-19
3.108081999999999859e-02 2.580341466792489986e-19
3.151363000000000081e-02 2.580339371405331581e-19
3.195247999999999838e-02 2.580337276018173658e-19
3.239742999999999790e-02 2.580335180631015253e-19
3.284857000000000055e-02 2.580333085243856848e-19
3.330600000000000227e-02 2.580333085243856848e-19
3.376980000000000259e-02 2.580330989856698924e-19
3.424006000000000272e-02 2.580328894469540520e-19
3.471686999999999690e-02 2.580326799082382115e-19
3.520030999999999854e-02 2.580324703695223710e-19
3.569048999999999833e-02 2.580322608308065305e-19
3.618749999999999745e-02 2.580320512920907381e-19
3.669142000000000237e-02 2.580318417533748977e-19
3.720236999999999850e-02 2.580316322146590572e-19
3.772041999999999756e-02 2.580314226759432167e-19
3.824570000000000053e-02 2.580312131372274243e-19
3.877827999999999831e-02 2.580310035985116320e-19
3.931828999999999880e-02 2.580307940597957915e-19
3.986581000000000152e-02 2.580305845210799510e-19
4.042095999999999884e-02 2.580303749823641105e-19
4.098384000000000055e-02 2.580301654436482700e-19
4.155455000000000260e-02 2.580299559049324777e-19
4.213321999999999901e-02 2.580295368275007967e-19
4.271993999999999791e-02 2.580293272887849562e-19
4.331482999999999861e-02 2.580291177500691157e-19
4.391801000000000038e-02 2.580289082113533234e-19
4.452959000000000084e-02 2.580286986726375310e-19
4.514967999999999759e-02 2.580284891339216906e-19
4.577840999999999855e-02 2.580280700564900096e-19
4.641589000000000131e-02 2.580278605177741691e-19
4.706224999999999992e-02 2.580276509790583767e-19
4.771761000000000058e-02 2.580274414403425362e-19
4.838209999999999733e-02 2.580270223629108553e-19
4.905584000000000333e-02 2.580268128241950629e-19
4.973895999999999873e-02 2.580266032854792224e-19
5.043158999999999836e-02 2.580261842080475896e-19
5.113387999999999961e-02 2.580259746693317491e-19
5.184594000000000008e-02 2.580255555919001163e-19
5.256791000000000241e-02 2.580253460531842758e-19
5.329993999999999704e-02 2.580251365144684353e-19
5.404215999999999881e-02 2.580247174370367543e-19
5.479471999999999815e-02 2.580245078983209620e-19
5.555775999999999770e-02 2.580240888208893291e-19
5.633143000000000178e-02 2.580238792821734887e-19
5.711585999999999747e-02 2.580234602047418558e-19
5.791123000000000104e-02 2.580232506660260153e-19
5.871765999999999791e-02 2.580228315885943343e-19
5.953532999999999742e-02 2.580224125111627015e-19
6.036438999999999694e-02 2.580222029724468610e-19
6.120497999999999911e-02 2.580217838950151800e-19
6.205729000000000106e-02 2.580215743562993877e-19
6.292145999999999850e-02 2.580211552788677549e-19
6.379767000000000077e-02 2.580207362014360739e-19
6.468608000000000691e-02 2.580203171240043929e-19
6.558685999999999683e-02 2.580201075852886006e-19
6.650018000000000595e-02 2.580196885078569196e-19
6.742621999999999505e-02 2.580192694304252868e-19
6.836515999999999427e-02 2.580188503529936539e-19
6.931716999999999740e-02 2.580184312755619729e-19
7.028244000000000158e-02 2.580182217368461325e-19
7.126114999999999533e-02 2.580178026594144996e-19
7.225349000000000355e-02 2.580173835819828186e-19
7.325964999999999561e-02 2.580169645045511858e-19
7.427981999999999640e-02 2.580165454271195530e-19
7.531419999999999781e-02 2.580161263496878720e-19
7.636297999999999697e-02 2.580157072722562392e-19
7.742636999999999436e-02 2.580152881948245582e-19
7.850456000000000101e-02 2.580148691173929253e-19
7.959776999999999825e-02 2.580142405012454520e-19
8.070620000000000571e-02 2.580138214238137710e-19
8.183007000000000475e-02 2.580134023463821382e-19
8.296958999999999584e-02 2.580129832689504572e-19
8.412496999999999336e-02 2.580125641915188244e-19
8.529644000000000115e-02 2.580119355753713511e-19
8.648422999999999528e-02 2.580115164979397182e-19
8.768855999999999873e-02 2.580110974205080373e-19
8.890966000000000147e-02 2.580104688043605639e-19
9.014775999999999345e-02 2.580100497269288830e-19
9.140310999999999575e-02 2.580094211107814096e-19
9.267593000000000358e-02 2.580090020333497768e-19
9.396648000000000500e-02 2.580083734172023035e-19
9.527499999999999858e-02 2.580079543397706225e-19
9.660175000000000012e-02 2.580073257236231492e-19
9.794696999999999432e-02 2.580069066461915163e-19
9.931091999999999698e-02 2.580062780300439949e-19
1.006939000000000028e-01 2.580056494138965215e-19
1.020960999999999952e-01 2.580052303364648406e-19
1.035177999999999932e-01 2.580046017203174154e-19
1.049593000000000054e-01 2.580039731041699421e-19
1.064208999999999988e-01 2.580033444880224206e-19
1.079028999999999960e-01 2.580027158718749473e-19
1.094055000000000027e-01 2.580020872557274740e-19
1.109289999999999998e-01 2.580014586395800006e-19
1.124736999999999959e-01 2.580008300234324792e-19
1.140400000000000025e-01 2.580002014072850058e-19
1.156279999999999947e-01 2.579995727911375807e-19
1.172382000000000007e-01 2.579989441749900592e-19
1.188707999999999987e-01 2.579983155588425859e-19
1.205260999999999971e-01 2.579976869426950644e-19
1.222044999999999937e-01 2.579968487878317987e-19
1.239061999999999941e-01 2.579962201716843254e-19
1.256317000000000128e-01 2.579955915555368039e-19
1.273810999999999971e-01 2.579947534006735383e-19
1.291549999999999920e-01 2.579941247845260650e-19
1.309535000000000005e-01 2.579932866296627030e-19
1.327771000000000090e-01 2.579926580135152778e-19
1.346260999999999985e-01 2.579918198586519640e-19
1.365008000000000055e-01 2.579911912425044425e-19
1.384016000000000135e-01 2.579903530876411769e-19
1.403289000000000064e-01 2.579895149327778631e-19
1.422829999999999928e-01 2.579886767779145492e-19
1.442643999999999871e-01 2.579880481617670759e-19
1.462732999999999950e-01 2.579872100069037621e-19
1.483103000000000060e-01 2.579863718520404483e-19
1.503754999999999953e-01 2.579855336971771826e-19
1.524696000000000107e-01 2.579846955423138207e-19
1.545928000000000024e-01 2.579836478487346664e-19
1.567455000000000098e-01 2.579828096938714007e-19
1.589282999999999946e-01 2.579819715390080869e-19
1.611413999999999902e-01 2.579811333841447731e-19
1.633853999999999862e-01 2.579800856905656669e-19
1.656605999999999912e-01 2.579792475357023050e-19
1.679674999999999918e-01 2.579781998421231988e-19
1.703064999999999996e-01 2.579773616872598850e-19
1.726781000000000010e-01 2.579763139936807307e-19
1.750827000000000078e-01 2.579754758388174650e-19
1.775208000000000064e-01 2.579744281452383107e-19
1.799929000000000112e-01 2.579733804516592046e-19
1.824993000000000032e-01 2.579723327580800503e-19
1.850407000000000024e-01 2.579712850645008960e-19
1.876174999999999926e-01 2.579702373709217898e-19
1.902301000000000131e-01 2.579691896773426355e-19
1.928792000000000006e-01 2.579681419837635293e-19
1.955650999999999917e-01 2.579670942901843750e-19
1.982884000000000035e-01 2.579658370578894284e-19
2.010495999999999950e-01 2.579647893643102741e-19
2.038493000000000110e-01 2.579637416707311679e-19
2.066880000000000106e-01 2.579624844384361731e-19
2.095662000000000080e-01 2.579612272061412265e-19
2.124844999999999928e-01 2.579601795125620722e-19
2.154435000000000100e-01 2.579589222802671255e-19
2.184435999999999878e-01 2.579576650479721307e-19
2.214855000000000018e-01 2.579564078156771841e-19
2.245698000000000139e-01 2.579551505833822375e-19
2.276970000000000105e-01 2.579538933510872908e-19
2.308678000000000119e-01 2.579526361187922960e-19
2.340827000000000047e-01 2.579513788864973494e-19
2.373424000000000089e-01 2.579499121154865622e-19
2.406474999999999864e-01 2.579486548831916156e-19
2.439986000000000099e-01 2.579471881121807803e-19
2.473963999999999885e-01 2.579459308798858337e-19
2.508414999999999950e-01 2.579444641088750947e-19
2.543346000000000218e-01 2.579429973378642594e-19
2.578763000000000027e-01 2.579415305668534722e-19
2.614673000000000136e-01 2.579400637958426851e-19
2.651084000000000218e-01 2.579385970248318980e-19
2.688000999999999863e-01 2.579371302538211108e-19
2.725432999999999883e-01 2.579356634828103237e-19
2.763384999999999869e-01 2.579339871730836961e-19
2.801867000000000107e-01 2.579325204020729571e-19
2.840884000000000187e-01 2.579308440923462813e-19
2.880443999999999782e-01 2.579293773213355423e-19
2.920556000000000263e-01 2.579277010116089147e-19
2.961225000000000107e-01 2.579260247018822871e-19
3.002462000000000186e-01 2.579243483921556594e-19
3.044272000000000089e-01 2.579226720824290800e-19
3.086665000000000103e-01 2.579207862339866119e-19
3.129647999999999874e-01 2.579191099242599842e-19
3.173230000000000217e-01 2.579174336145334048e-19
3.217418000000000222e-01 2.579155477660909366e-19
3.262222000000000177e-01 2.579136619176484685e-19
3.307649999999999757e-01 2.579117760692060485e-19
3.353709999999999747e-01 2.579098902207636286e-19
3.400411999999999879e-01 2.579080043723211605e-19
3.447763999999999829e-01 2.579061185238787405e-19
3.495775999999999883e-01 2.579042326754362724e-19
3.544456000000000273e-01 2.579021372882780119e-19
3.593814000000000175e-01 2.579002514398355438e-19
3.643858999999999848e-01 2.578981560526772833e-19
3.694601000000000135e-01 2.578960606655190229e-19
3.746050000000000213e-01 2.578939652783607624e-19
3.798214999999999786e-01 2.578918698912024538e-19
3.851106999999999725e-01 2.578897745040441934e-19
3.904734999999999734e-01 2.578874695781700924e-19
3.959110000000000129e-01 2.578853741910118320e-19
4.014242000000000088e-01 2.578830692651377310e-19
4.070141999999999927e-01 2.578807643392636301e-19
4.126820999999999962e-01 2.578784594133895773e-19
4.184288999999999925e-01 2.578761544875154763e-19
4.242556000000000105e-01 2.578736400229255349e-19
4.301635999999999793e-01 2.578713350970514339e-19
4.361537999999999804e-01 2.578688206324615406e-19
4.422273999999999927e-01 2.578665157065874397e-19
4.483855999999999953e-01 2.578640012419974982e-19
4.546295000000000197e-01 2.578612772386917645e-19
4.609603999999999924e-01 2.578587627741018230e-19
4.673795000000000033e-01 2.578562483095118816e-19
4.738879999999999759e-01 2.578535243062061478e-19
4.804869999999999974e-01 2.578508003029004140e-19
4.871779999999999999e-01 2.578480762995946802e-19
4.939622000000000179e-01 2.578453522962888983e-19
5.008407999999999749e-01 2.578424187542673240e-19
5.078152000000000221e-01 2.578396947509615421e-19
5.148867000000000305e-01 2.578367612089399678e-19
5.220567999999999875e-01 2.578338276669184417e-19
5.293265999999999805e-01 2.578308941248968674e-19
5.366977000000000553e-01 2.578279605828752450e-19
5.441713999999999718e-01 2.578248175021378302e-19
5.517492000000000507e-01 2.578216744214004636e-19
5.594325999999999466e-01 2.578185313406630489e-19
5.672228999999999743e-01 2.578153882599256341e-19
5.751216999999999580e-01 2.578122451791882675e-19
5.831304999999999961e-01 2.578088925597350122e-19
5.912507999999999653e-01 2.578057494789975975e-19
5.994842999999999700e-01 2.578023968595443904e-19
6.078322999999999920e-01 2.577988347013752946e-19
6.162965999999999722e-01 2.577954820819220875e-19
6.248787999999999565e-01 2.577919199237530399e-19
6.335804999999999909e-01 2.577883577655839442e-19
6.424033999999999578e-01 2.577847956074148966e-19
6.513491000000000142e-01 2.577812334492458490e-19
6.604193999999999898e-01 2.577774617523609609e-19
6.696159999999999890e-01 2.577736900554760728e-19
6.789406999999999526e-01 2.577699183585911847e-19
6.883951999999999849e-01 2.577661466617062967e-19
6.979813999999999741e-01 2.577621654261055681e-19
7.077010999999999719e-01 2.577581841905048877e-19
7.175561000000000300e-01 2.577542029549041591e-19
7.275483999999999840e-01 2.577500121805875900e-19
7.376797999999999966e-01 2.577460309449869096e-19
7.479523000000000144e-01 2.577418401706703887e-19
7.583678000000000363e-01 2.577374398576380273e-19
7.689283999999999564e-01 2.577332490833214582e-19
7.796359999999999957e-01 2.577288487702890968e-19
7.904927999999999955e-01 2.577244484572567354e-19
8.015006999999999548e-01 2.577200481442243740e-19
8.126619000000000481e-01 2.577154382924761721e-19
8.239786000000000055e-01 2.577108284407280183e-19
8.354527999999999954e-01 2.577060090502639759e-19
8.470868000000000286e-01 2.577013991985157740e-19
8.588829000000000047e-01 2.576965798080517798e-19
8.708430999999999811e-01 2.576917604175877374e-19
8.829700000000000326e-01 2.576867314884079027e-19
8.952657000000000531e-01 2.576817025592280198e-19
9.077326999999999479e-01 2.576766736300481851e-19
9.203732000000000024e-01 2.576714351621525098e-19
9.331897999999999582e-01 2.576661966942568346e-19
9.461848000000000480e-01 2.576609582263611594e-19
9.593608000000000136e-01 2.576557197584654842e-19
9.727202999999999822e-01 2.576502717518540166e-19
9.862657999999999703e-01 2.576446142065266604e-19
1.000000000000000000e+00 2.576389566611993524e-19
1.013924999999999965e+00 2.576332991158719962e-19
1.028045000000000098e+00 2.576276415705446881e-19
1.042361000000000093e+00 2.576217744865015396e-19
1.056875999999999927e+00 2.576159074024583429e-19
1.071593000000000018e+00 2.576098307796994020e-19
1.086516000000000037e+00 2.576037541569404130e-19
1.101645999999999903e+00 2.575976775341814239e-19
1.116986999999999952e+00 2.575913913727065944e-19
1.132541000000000020e+00 2.575851052112318130e-19
1.148311999999999999e+00 2.575786095110411911e-19
1.164303000000000088e+00 2.575721138108505211e-19
1.180517000000000039e+00 2.575656181106598993e-19
1.196955999999999909e+00 2.575589128717534369e-19
1.213624000000000036e+00 2.575519980941311341e-19
1.230523999999999951e+00 2.575450833165088794e-19
1.247659999999999991e+00 2.575381685388865284e-19
1.265033999999999992e+00 2.575310442225484332e-19
1.282650000000000068e+00 2.575239199062102898e-19
1.300510999999999973e+00 2.575165860511563542e-19
1.318621000000000043e+00 2.575092521961024185e-19
1.336983999999999950e+00 2.575017088023326905e-19
1.355601999999999974e+00 2.574941654085629143e-19
1.374479000000000006e+00 2.574866220147931381e-19
1.393618999999999941e+00 2.574786595435916810e-19
1.413025999999999893e+00 2.574709066111060643e-19
1.432703000000000060e+00 2.574627346011888630e-19
1.452653999999999890e+00 2.574547721299874058e-19
1.472882999999999942e+00 2.574463905813543640e-19
1.493392999999999970e+00 2.574382185714371145e-19
1.514189000000000007e+00 2.574296274840881840e-19
1.535274999999999945e+00 2.574210363967392535e-19
1.556653999999999982e+00 2.574124453093903712e-19
1.578330999999999928e+00 2.574034351446098079e-19
1.600309999999999899e+00 2.573946345185450851e-19
1.622595000000000010e+00 2.573856243537645218e-19
1.645191000000000070e+00 2.573764046502681661e-19
1.668101000000000056e+00 2.573669754080559218e-19
1.691330000000000000e+00 2.573575461658437257e-19
1.714882000000000017e+00 2.573479073849156891e-19
1.738761999999999919e+00 2.573382686039876524e-19
1.762974999999999959e+00 2.573284202843437753e-19
1.787525999999999948e+00 2.573183624259840577e-19
1.812418000000000085e+00 2.573083045676243883e-19
1.837655999999999956e+00 2.572980371705488302e-19
1.863245999999999958e+00 2.572875602347575279e-19
1.889192999999999900e+00 2.572770832989661774e-19
1.915500999999999898e+00 2.572663968244589383e-19
1.942174999999999985e+00 2.572555008112359551e-19
1.969219999999999970e+00 2.572443952592971794e-19
1.996642000000000028e+00 2.572332897073583075e-19
2.024446999999999885e+00 2.572219746167036433e-19
2.052637999999999963e+00 2.572104499873331867e-19
2.081221999999999905e+00 2.571989253579626819e-19
2.110202999999999829e+00 2.571871911898763848e-19
2.139588999999999963e+00 2.571752474830742473e-19
2.169383999999999979e+00 2.571630942375562692e-19
2.199593000000000131e+00 2.571507314533224506e-19
2.230223000000000066e+00 2.571383686690887284e-19
2.261280000000000179e+00 2.571255868074232770e-19
2.292768999999999835e+00 2.571128049457577774e-19
2.324697000000000013e+00 2.570998135453765337e-19
2.357069000000000081e+00 2.570868221449952418e-19
2.389892999999999823e+00 2.570734116671823653e-19
2.423172999999999799e+00 2.570597916506535519e-19
2.456916000000000100e+00 2.570461716341248349e-19
2.491130000000000067e+00 2.570323420788802773e-19
2.525819999999999954e+00 2.570180934462040388e-19
2.560992999999999853e+00 2.570038448135278003e-19
2.596655999999999853e+00 2.569893866421357212e-19
2.632814999999999905e+00 2.569747189320278499e-19
2.669477999999999795e+00 2.569598416832041380e-19
2.706652000000000058e+00 2.569447548956645857e-19
2.744343000000000199e+00 2.569292490306934005e-19
2.782559000000000005e+00 2.569137431657221672e-19
2.821308000000000149e+00 2.568980277620351897e-19
2.860596000000000139e+00 2.568821028196323235e-19
2.900430000000000064e+00 2.568659683385136650e-19
2.940819999999999990e+00 2.568496243186791660e-19
2.981771999999999867e+00 2.568328612214129861e-19
3.023295000000000066e+00 2.568160981241468543e-19
3.065395000000000092e+00 2.567989159494490415e-19
3.108082000000000011e+00 2.567815242360353882e-19
3.151362999999999914e+00 2.567639229839058944e-19
3.195247999999999866e+00 2.567461121930606083e-19
3.239742999999999817e+00 2.567280918634994816e-19
3.284857000000000138e+00 2.567098619952225627e-19
3.330600000000000005e+00 2.566912130495139146e-19
3.376980000000000093e+00 2.566723545650895223e-19
3.424005999999999883e+00 2.566532865419492414e-19
3.471687000000000189e+00 2.566340089800931682e-19
3.520030999999999910e+00 2.566143123408054139e-19
3.569049000000000138e+00 2.565944061628019155e-19
3.618749999999999911e+00 2.565742904460824803e-19
3.669141999999999904e+00 2.565539651906472527e-19
3.720237000000000016e+00 2.565332208577803923e-19
3.772041999999999895e+00 2.565120574474818991e-19
3.824570000000000025e+00 2.564908940371833577e-19
3.877828000000000053e+00 2.564693115494531835e-19
3.931829000000000018e+00 2.564473099842913765e-19
3.986581000000000152e+00 2.564250988804136808e-19
4.042095999999999911e+00 2.564026782378201928e-19
4.098384000000000249e+00 2.563798385177950719e-19
4.155454999999999899e+00 2.563565797203382701e-19
4.213321999999999790e+00 2.563331113841656278e-19
4.271994000000000291e+00 2.563094335092771931e-19
4.331483000000000416e+00 2.562853365569570774e-19
4.391801000000000066e+00 2.562608205272053290e-19
4.452958999999999889e+00 2.562360949587377881e-19
4.514967999999999648e+00 2.562109503128385182e-19
4.577841000000000271e+00 2.561853865895076636e-19
4.641588999999999743e+00 2.561596133274609203e-19
4.706224999999999881e+00 2.561334209879825442e-19
4.771760999999999697e+00 2.561068095710724871e-19
4.838210000000000122e+00 2.560799886154466377e-19
4.905584000000000167e+00 2.560527485823891554e-19
4.973895999999999873e+00 2.560250894718999922e-19
5.043159000000000169e+00 2.559970112839791961e-19
5.113387999999999600e+00 2.559685140186267190e-19
5.184593999999999703e+00 2.559398072145584496e-19
5.256790999999999769e+00 2.559104717943426588e-19
5.329994000000000121e+00 2.558809268354110274e-19
5.404215999999999909e+00 2.558509627990478114e-19
5.479472000000000342e+00 2.558203701465370257e-19
5.555775999999999826e+00 2.557895679553104958e-19
5.633142999999999567e+00 2.557583466866522850e-19
5.711585999999999608e+00 2.557264968018465527e-19
5.791122999999999799e+00 2.556944373783250762e-19
5.871766000000000041e+00 2.556617493386560301e-19
5.953533000000000186e+00 2.556286422215553511e-19
6.036438999999999666e+00 2.555951160270230393e-19
6.120498000000000438e+00 2.555611707550590947e-19
6.205728999999999829e+00 2.555268064056634691e-19
6.292145999999999795e+00 2.554918134401203702e-19
6.379767000000000188e+00 2.554564013971456384e-19
6.468607999999999691e+00 2.554205702767392257e-19
6.558685999999999794e+00 2.553841105401852915e-19
6.650018000000000207e+00 2.553472317261997726e-19
6.742621999999999893e+00 2.553099338347825727e-19
6.836515999999999593e+00 2.552720073272178514e-19
6.931716999999999906e+00 2.552336617422215454e-19
7.028243999999999936e+00 2.551946875410777179e-19
7.126115000000000421e+00 2.551550847237864171e-19
7.225348999999999577e+00 2.551150628290634353e-19
7.325965000000000060e+00 2.550746218569088688e-19
7.427982000000000085e+00 2.550333427298909403e-19
7.531419999999999781e+00 2.549916445254413790e-19
7.636298000000000030e+00 2.549493177048443444e-19
7.742637000000000214e+00 2.549065718068156289e-19
7.850456000000000323e+00 2.548629877539235995e-19
7.959776999999999880e+00 2.548189846235999854e-19
8.070619999999999905e+00 2.547743528771288017e-19
8.183006999999999920e+00 2.547290925145101928e-19
8.296958999999999307e+00 2.546832035357440625e-19
8.412497000000000114e+00 2.546366859408305069e-19
8.529643999999999338e+00 2.545895397297694300e-19
8.648422999999999305e+00 2.545415553638450392e-19
8.768855999999999540e+00 2.544931519204890155e-19
8.890966000000000591e+00 2.544441198609855186e-19
9.014775999999999456e+00 2.543942496466187078e-19
9.140311000000000519e+00 2.543437508161043755e-19
9.267592999999999748e+00 2.542926233694426181e-19
9.396648000000000778e+00 2.542406577679175469e-19
9.527499999999999858e+00 2.541880635502449542e-19
9.660175000000000622e+00 2.541346311777090958e-19
9.794696999999999321e+00 2.540805701890257160e-19
9.931091999999999587e+00 2.540258805841948628e-19
1.006939000000000028e+01 2.539703528245007440e-19
1.020960999999999963e+01 2.539139869099433114e-19
1.035177999999999976e+01 2.538569923792383091e-19
1.049592999999999954e+01 2.537989501549542488e-19
1.064208999999999961e+01 2.537404888532385557e-19
1.079029000000000060e+01 2.536809798579436602e-19
1.094055000000000000e+01 2.536206327077855471e-19
1.109290000000000020e+01 2.535596569414798644e-19
1.124737000000000009e+01 2.534976334815950756e-19
1.140399999999999991e+01 2.534347718668470211e-19
1.156279999999999930e+01 2.533712816359513970e-19
1.172381999999999991e+01 2.533067437114767148e-19
1.188707999999999920e+01 2.532413676321386707e-19
1.205260999999999960e+01 2.531749438592215686e-19
1.222044999999999959e+01 2.531078914701569451e-19
1.239062000000000019e+01 2.530397913875131672e-19
1.256316999999999950e+01 2.529706436112902832e-19
1.273811000000000071e+01 2.529006576802040372e-19
1.291549999999999976e+01 2.528298335942545255e-19
1.309534999999999982e+01 2.527579618147258596e-19
1.327771000000000079e+01 2.526850423416180874e-19
1.346260999999999974e+01 2.526110751749311610e-19
1.365008000000000088e+01 2.525362698533809208e-19
1.384015999999999913e+01 2.524604168382515744e-19
1.403289000000000009e+01 2.523835161295430737e-19
1.422830000000000084e+01 2.523053581885396264e-19
1.442643999999999949e+01 2.522263620926728652e-19
1.462733000000000061e+01 2.521463183032269498e-19
1.483103000000000016e+01 2.520650172814860877e-19
1.503754999999999953e+01 2.519826685661660713e-19
1.524695999999999962e+01 2.518992721572669487e-19
1.545927999999999969e+01 2.518148280547886718e-19
1.567454999999999998e+01 2.517291267200154483e-19
1.589283000000000001e+01 2.516421681529472782e-19
1.611413999999999902e+01 2.515541618922999056e-19
1.633853999999999829e+01 2.514648983993576345e-19
1.656606000000000023e+01 2.513743776741203686e-19
1.679674999999999940e+01 2.512828092553039965e-19
1.703065000000000140e+01 2.511897740654768373e-19
1.726781000000000077e+01 2.510956911820705239e-19
1.750826999999999956e+01 2.510001415276534232e-19
1.775207999999999942e+01 2.509033346409413760e-19
1.799928999999999846e+01 2.508052705219343339e-19
1.824992999999999910e+01 2.507059491706323452e-19
1.850406999999999869e+01 2.506051610483195693e-19
1.876174999999999926e+01 2.505031156937118468e-19
1.902300999999999931e+01 2.503996035680933372e-19
1.928791999999999973e+01 2.502948342101798328e-19
1.955650999999999939e+01 2.501883885425397489e-19
1.982883999999999958e+01 2.500806856426046702e-19
2.010495999999999839e+01 2.499715159716588044e-19
2.038493000000000066e+01 2.498608795297021995e-19
2.066880000000000095e+01 2.497487763167347594e-19
2.095662000000000091e+01 2.496352063327565322e-19
2.124844999999999828e+01 2.495199600390517255e-19
2.154435000000000144e+01 2.494032469743360835e-19
2.184436000000000178e+01 2.492848575998938138e-19
2.214855000000000018e+01 2.491650014544408052e-19
2.245698000000000150e+01 2.490434689992611690e-19
2.276970000000000027e+01 2.489204697730707456e-19
2.308678000000000097e+01 2.487955846984378541e-19
2.340827000000000169e+01 2.486692328527941755e-19
2.373423999999999978e+01 2.485409951587081250e-19
2.406475000000000009e+01 2.484110811548953988e-19
2.439986000000000033e+01 2.482794908413559968e-19
2.473964000000000141e+01 2.481462242180901116e-19
2.508415000000000106e+01 2.480110717463817102e-19
2.543346000000000018e+01 2.478740334262308406e-19
2.578763000000000005e+01 2.477353187963533916e-19
2.614673000000000158e+01 2.475945087793176821e-19
2.651084000000000174e+01 2.474520224525552968e-19
2.688000999999999863e+01 2.473076502773505397e-19
2.725432999999999950e+01 2.471613922537033145e-19
2.763384999999999891e+01 2.470130388428978288e-19
2.801867000000000019e+01 2.468627995836498750e-19
2.840884000000000142e+01 2.467104649372436608e-19
2.880443999999999960e+01 2.465562444423950266e-19
2.920555999999999841e+01 2.463997190216722914e-19
2.961224999999999952e+01 2.462413077525070881e-19
3.002461999999999875e+01 2.460808010961836244e-19
3.044272000000000133e+01 2.459181990527019002e-19
3.086664999999999992e+01 2.457535016220619155e-19
3.129647999999999897e+01 2.455864992655477818e-19
3.173229999999999862e+01 2.454171919831595952e-19
3.217417999999999978e+01 2.452457893136131482e-19
3.262221999999999866e+01 2.450720817181926002e-19
3.307650000000000290e+01 2.448960691968979032e-19
3.353710000000000235e+01 2.447177517497292015e-19
3.400412000000000035e+01 2.445371293766863507e-19
3.447764000000000095e+01 2.443539925390535584e-19
3.495776000000000039e+01 2.441685507755467134e-19
3.544456000000000273e+01 2.439808040861657192e-19
3.593813999999999709e+01 2.437903333934789913e-19
3.643858999999999781e+01 2.435975577749182106e-19
3.694601000000000113e+01 2.434020581530515997e-19
3.746050000000000324e+01 2.432040440665951438e-19
3.798214999999999719e+01 2.430035155155487464e-19
3.851106999999999658e+01 2.428004724999124076e-19
3.904735000000000156e+01 2.425944959422544945e-19
3.959109999999999729e+01 2.423860049200066881e-19
4.014242000000000132e+01 2.421747898944530516e-19
4.070141999999999882e+01 2.419608508655937295e-19
4.126821000000000339e+01 2.417439782947127850e-19
4.184288999999999703e+01 2.415245912592419953e-19
4.242555999999999727e+01 2.413020611430337427e-19
4.301635999999999882e+01 2.410765974848039159e-19
4.361538000000000181e+01 2.408484098232683552e-19
4.422274000000000171e+01 2.406172886197112203e-19
4.483856000000000108e+01 2.403830243354166225e-19
4.546294999999999931e+01 2.401458265091005467e-19
4.609604000000000212e+01 2.399054856020469599e-19
4.673794999999999789e+01 2.396620016142560545e-19
4.738880000000000337e+01 2.394155840844435268e-19
4.804869999999999663e+01 2.391658139351777920e-19
4.871779999999999688e+01 2.389129007051745942e-19
4.939621999999999957e+01 2.386566348557181894e-19
5.008408000000000015e+01 2.383972259255244179e-19
5.078152000000000044e+01 2.381344643758773912e-19
5.148866999999999905e+01 2.378683502067771573e-19
5.220568000000000097e+01 2.375986738795078278e-19
5.293265999999999849e+01 2.373256449327853392e-19
5.366976999999999975e+01 2.370492633666094992e-19
5.441714000000000340e+01 2.367693196422647078e-19
5.517492000000000019e+01 2.364856042210349802e-19
5.594326000000000221e+01 2.361985361803520455e-19
5.672229000000000099e+01 2.359076964427842227e-19
5.751216999999999757e+01 2.356132945470473041e-19
5.831304999999999694e+01 2.353149114157097052e-19
5.912507999999999697e+01 2.350129661262030586e-19
5.994843000000000188e+01 2.347072491398114758e-19
6.078323000000000320e+01 2.343975509178192126e-19
6.162966000000000122e+01 2.340840809989420613e-19
6.248787999999999698e+01 2.337666298444642295e-19
6.335804999999999865e+01 2.334449879156697806e-19
6.424034000000000333e+01 2.331195742899905399e-19
6.513491000000000497e+01 2.327899698899947300e-19
6.604193999999999676e+01 2.324563842543981435e-19
6.696160000000000423e+01 2.321186078444850842e-19
6.789406999999999925e+01 2.317764311215396635e-19
6.883951999999999316e+01 2.314302731629935142e-19
6.979814000000000362e+01 2.310797148914149554e-19
7.077011000000000251e+01 2.307247563068040833e-19
7.175561000000000433e+01 2.303653974091608016e-19
7.275484000000000151e+01 2.300016381984852067e-19
7.376797999999999433e+01 2.296334786747772023e-19
7.479523000000000366e+01 2.292607092993210440e-19
7.583678000000000452e+01 2.288835396108324763e-19
7.689284000000000674e+01 2.285015505318799143e-19
7.796359999999999957e+01 2.281149516011791503e-19
7.904927999999999599e+01 2.277237428187301845e-19
8.015006999999999948e+01 2.273275051071014321e-19
8.126618999999999460e+01 2.269266575437243815e-19
8.239785999999999433e+01 2.265209905898833849e-19
8.354528000000000532e+01 2.261102947068625534e-19
8.470868000000000109e+01 2.256945698946617910e-19
8.588828999999999780e+01 2.252740256919970825e-19
8.708431000000000211e+01 2.248484525601524911e-19
8.829699999999999704e+01 2.244176409604122726e-19
8.952657000000000664e+01 2.239815908927763307e-19
9.077326999999999657e+01 2.235405118959605541e-19
9.203731999999999402e+01 2.230941944312491023e-19
9.331897999999999627e+01 2.226424289599261830e-19
9.461848000000000525e+01 2.221852154819916997e-19
9.593608000000000402e+01 2.217227635361615894e-19
9.727203000000000088e+01 2.212548635837199634e-19
9.862658000000000413e+01 2.207815156246668217e-19
1.000000000000000000e+02 2.203025101202863719e-19
1.013924999999999983e+02 2.198178470705786141e-19
1.028045000000000044e+02 2.193275264755434519e-19
1.042360999999999933e+02 2.188315483351810780e-19
1.056876000000000033e+02 2.183299126494912997e-19
1.071593000000000018e+02 2.178224098797583728e-19
1.086516000000000020e+02 2.173088304872664570e-19
1.101645999999999930e+02 2.167895935494472090e-19
1.116987000000000023e+02 2.162642799888690201e-19
1.132540999999999940e+02 2.157328898055317940e-19
1.148311999999999955e+02 2.151956325381514676e-19
1.164303000000000026e+02 2.146520891092963116e-19
1.180516999999999967e+02 2.141024690576821425e-19
1.196955999999999989e+02 2.135465628445931920e-19
1.213623999999999938e+02 2.129843704700294361e-19
1.230524000000000058e+02 2.124158919339908507e-19
1.247660000000000053e+02 2.118411272364774838e-19
1.265033999999999992e+02 2.112598668387734470e-19
1.282649999999999864e+02 2.106721107408788364e-19
1.300510999999999910e+02 2.100780684815093241e-19
1.318620999999999981e+02 2.094771743061323237e-19
1.336983999999999924e+02 2.088697844305647015e-19
1.355602000000000089e+02 2.082557312238337705e-19
1.374479000000000042e+02 2.076349518243247642e-19
1.393618999999999915e+02 2.070074252781661660e-19
1.413026000000000124e+02 2.063731096776147740e-19
1.432702999999999918e+02 2.057319421610557977e-19
1.452653999999999996e+02 2.050838598668745907e-19
1.472882999999999925e+02 2.044288627950710568e-19
1.493393000000000086e+02 2.037668671301589127e-19
1.514189000000000078e+02 2.030978309643949567e-19
1.535275000000000034e+02 2.024217333439076480e-19
1.556654000000000053e+02 2.017385114070822442e-19
1.578331000000000017e+02 2.010481442000471322e-19
1.600310000000000059e+02 2.003505688611875695e-19
1.622595000000000027e+02 1.996457434827603785e-19
1.645191000000000088e+02 1.989336471108939702e-19
1.668101000000000056e+02 1.982142168839736745e-19
1.691330000000000098e+02 1.974874318481278301e-19
1.714882000000000062e+02 1.967532500956132834e-19
1.738762000000000114e+02 1.960116087648153160e-19
1.762975000000000136e+02 1.952625078557338797e-19
1.787526000000000010e+02 1.945059054606258691e-19
1.812418000000000120e+02 1.937417596717480342e-19
1.837656000000000063e+02 1.929700285813573175e-19
1.863246000000000038e+02 1.921906912355820822e-19
1.889192999999999927e+02 1.914037266805507153e-19
1.915500999999999863e+02 1.906090720546485224e-19
1.942175000000000011e+02 1.898067483117470201e-19
1.969219999999999970e+02 1.889966716363599734e-19
1.996641999999999939e+02 1.881788629823588989e-19
2.024447000000000116e+02 1.873532594881290540e-19
2.052638000000000034e+02 1.865198821075420037e-19
2.081221999999999923e+02 1.856786679789830534e-19
2.110202999999999918e+02 1.848296171024521792e-19
2.139588999999999999e+02 1.839727085240777681e-19
2.169384000000000015e+02 1.831079212899882793e-19
2.199593000000000131e+02 1.822352344463121241e-19
2.230223000000000013e+02 1.813546479930492783e-19
2.261279999999999859e+02 1.804661409763281772e-19
2.292769000000000119e+02 1.795697133961488207e-19
2.324696999999999889e+02 1.786653442986395959e-19
2.357068999999999903e+02 1.777530336838005510e-19
2.389892999999999859e+02 1.768327815516316619e-19
2.423172999999999888e+02 1.759045669482613638e-19
2.456915999999999940e+02 1.749683898736896085e-19
2.491129999999999995e+02 1.740242922356596219e-19
2.525819999999999936e+02 1.730722321264281782e-19
2.560993000000000279e+02 1.721122304998669144e-19
2.596655999999999835e+02 1.711442873559758063e-19
2.632814999999999941e+02 1.701684446024980318e-19
2.669477999999999724e+02 1.691846812855620019e-19
2.706652000000000271e+02 1.681930393129108462e-19
2.744343000000000075e+02 1.671934977306730241e-19
2.782558999999999969e+02 1.661861194004632780e-19
2.821308000000000220e+02 1.651709043222816079e-19
2.860595999999999890e+02 1.641478944038711675e-19
2.900430000000000064e+02 1.631170896452319808e-19
2.940819999999999936e+02 1.620785529079787664e-19
2.981772000000000276e+02 1.610322841921115242e-19
3.023294999999999959e+02 1.599783673131166096e-19
3.065394999999999754e+02 1.589168022709939986e-19
3.108081999999999994e+02 1.578476519273584819e-19
3.151363000000000056e+02 1.567709581899531649e-19
3.195248000000000275e+02 1.556867629665212495e-19
3.239743000000000279e+02 1.545951291186774781e-19
3.284857000000000085e+02 1.534960985541650286e-19
3.330600000000000023e+02 1.523897550884702081e-19
3.376979999999999791e+02 1.512761406293361945e-19
3.424005999999999972e+02 1.501553180383777062e-19
3.471687000000000012e+02 1.490273920849527116e-19
3.520031000000000176e+02 1.478923837229327754e-19
3.569048999999999978e+02 1.467503977216757698e-19
3.618750000000000000e+02 1.456015178966680742e-19
3.669141999999999939e+02 1.444458280633959961e-19
3.720237000000000194e+02 1.432834120373458908e-19
3.772042000000000144e+02 1.421143326801324768e-19
3.824569999999999936e+02 1.409387366688568280e-19
3.877828000000000088e+02 1.397566868651337351e-19
3.931829000000000178e+02 1.385683089921926349e-19
3.986580999999999904e+02 1.373736868655199070e-19
4.042096000000000231e+02 1.361729671622166253e-19
4.098383999999999787e+02 1.349662127438975323e-19
4.155455000000000041e+02 1.337535912415352426e-19
4.213322000000000003e+02 1.325352074244877486e-19
4.271994000000000256e+02 1.313111660621129225e-19
4.331483000000000061e+02 1.300816347853834030e-19
4.391800999999999817e+02 1.288467393175287473e-19
4.452959000000000174e+02 1.276066053817784164e-19
4.514968000000000075e+02 1.263614006091050489e-19
4.577841000000000236e+02 1.251112716766097670e-19
4.641589000000000169e+02 1.238563443075220315e-19
4.706225000000000023e+02 1.225967861328145535e-19
4.771761000000000195e+02 1.213327647834598992e-19
4.838210000000000264e+02 1.200644688443024168e-19
4.905584000000000060e+02 1.187920240385715671e-19
4.973895999999999731e+02 1.175156399049831665e-19
5.043158999999999992e+02 1.162354840745098538e-19
5.113387999999999920e+02 1.149517241781243398e-19
5.184593999999999596e+02 1.136645697545424169e-19
5.256790999999999485e+02 1.123742093886083609e-19
5.329994000000000369e+02 1.110808316651663751e-19
5.404216000000000122e+02 1.097846461229323241e-19
5.479471999999999525e+02 1.084858623006220244e-19
5.555775999999999613e+02 1.071846687830796914e-19
5.633143000000000029e+02 1.058812751090211778e-19
5.711585999999999785e+02 1.045759327249054775e-19
5.791123000000000047e+02 1.032688302155768544e-19
5.871766000000000076e+02 1.019601980736226656e-19
5.953532999999999902e+02 1.006502877455019412e-19
6.036439000000000306e+02 9.933930876993048566e-20
6.120498000000000047e+02 9.802751259336732927e-20
6.205729000000000042e+02 9.671512970839984117e-20
6.292146000000000186e+02 9.540241156148703959e-20
6.379767000000000507e+02 9.408960959908790662e-20
6.468608000000000402e+02 9.277697526766142438e-20
6.558686000000000149e+02 9.146473905979502222e-20
6.650018000000000029e+02 9.015317337581925908e-20
6.742622000000000071e+02 8.884257156993630681e-20
6.836516000000000304e+02 8.753314318086198185e-20
6.931716999999999871e+02 8.622520251667003289e-20
7.028243999999999687e+02 8.491898006994786521e-20
7.126114999999999782e+02 8.361479014876921547e-20
7.225348999999999933e+02 8.231288419959307782e-20
7.325964999999999918e+02 8.101353462275003526e-20
7.427981999999999516e+02 7.971703477244223559e-20
7.531420000000000528e+02 7.842365704900026182e-20
7.636298000000000457e+02 7.713371576049785061e-20
7.742636999999999716e+02 7.584744139952240723e-20
7.850456000000000358e+02 7.456516922801925723e-20
7.959777000000000271e+02 7.328717164631897156e-20
8.070620000000000118e+02 7.201374200862373413e-20
8.183007000000000062e+02 7.074515271526407981e-20
8.296959000000000515e+02 6.948173902818535819e-20
8.412496999999999616e+02 6.822375239384656342e-20
8.529643999999999551e+02 6.697148616644984330e-20
8.648423000000000229e+02 6.572525465406892244e-20
8.768855999999999540e+02 6.448535121090599680e-20
8.890965999999999667e+02 6.325206919116320214e-20
9.014776000000000522e+02 6.202568099517109739e-20
9.140311000000000377e+02 6.080647997713186645e-20
9.267593000000000529e+02 5.959478044511924599e-20
9.396648000000000138e+02 5.839085479946379495e-20
9.527500000000000000e+02 5.719499639436769723e-20
9.660175000000000409e+02 5.600749858403308859e-20
9.794696999999999889e+02 5.482861281491896318e-20
9.931091999999999871e+02 5.365865339509907571e-20
1.006938999999999965e+03 5.249789272490399716e-20
1.020961000000000013e+03 5.134658225079270962e-20
1.035178000000000111e+03 5.020503628083895579e-20
1.049593000000000075e+03 4.907350626150172379e-20
1.064209000000000060e+03 4.795224363924002581e-20
1.079028999999999996e+03 4.684152081438441477e-20
1.094055000000000064e+03 4.574158923339389685e-20
1.109289999999999964e+03 4.465272129659904303e-20
1.124737000000000080e+03 4.357514749658726460e-20
1.140400000000000091e+03 4.250911927981754969e-20
1.156279999999999973e+03 4.145484618500573276e-20
1.172382000000000062e+03 4.041260061248237878e-20
1.188708000000000084e+03 3.938261305483489903e-20
1.205260999999999967e+03 3.836505114303596833e-20
1.222045000000000073e+03 3.736016632354456275e-20
1.239061999999999898e+03 3.636816813507652279e-20
1.256317000000000007e+03 3.538924516247607600e-20
1.273810999999999922e+03 3.442358599058748605e-20
1.291549999999999955e+03 3.347135825038339764e-20
1.309535000000000082e+03 3.253279243445122808e-20
1.327770999999999958e+03 3.160801426602048048e-20
1.346260999999999967e+03 3.069717042219222270e-20
1.365008000000000038e+03 2.980047044168228320e-20
1.384016000000000076e+03 2.891799813997699337e-20
1.403288999999999987e+03 2.804992114804901597e-20
1.422829999999999927e+03 2.719636518912785408e-20
1.442644000000000005e+03 2.635743503257140990e-20
1.462732999999999947e+03 2.553323544773760367e-20
1.483103000000000065e+03 2.472387120398434661e-20
1.503755000000000109e+03 2.392942611679797010e-20
1.524695999999999913e+03 2.314998400166480251e-20
1.545928000000000111e+03 2.238560772019959840e-20
1.567454999999999927e+03 2.163633918014551442e-20
1.589282999999999902e+03 2.090224333850446283e-20
1.611413999999999987e+03 2.018334953069666020e-20
1.633854000000000042e+03 1.947968499675515941e-20
1.656605999999999995e+03 1.879126440439007327e-20
1.679674999999999955e+03 1.811809194437571415e-20
1.703065000000000055e+03 1.746016342593776667e-20
1.726780999999999949e+03 1.681746208597896335e-20
1.750826999999999998e+03 1.618996068446625432e-20
1.775208000000000084e+03 1.557762150443078023e-20
1.799929000000000087e+03 1.498039635196790534e-20
1.824992999999999938e+03 1.439822865162436019e-20
1.850406999999999925e+03 1.383104925562391417e-20
1.876174999999999955e+03 1.327877644386740109e-20
1.902300999999999931e+03 1.274132640086848657e-20
1.928791999999999916e+03 1.221859645265641708e-20
1.955651000000000067e+03 1.171047973448612221e-20
1.982884000000000015e+03 1.121685471390241874e-20
2.010496000000000095e+03 1.073759776306297181e-20
2.038492999999999938e+03 1.027256849102817605e-20
2.066880000000000109e+03 9.821620220696951535e-21
2.095661999999999807e+03 9.384602084193904495e-21
2.124844999999999800e+03 8.961346450546372166e-21
2.154434999999999945e+03 8.551681498007379428e-21
2.184436000000000149e+03 8.155429118668470592e-21
2.214855000000000018e+03 7.772402823072559237e-21
2.245697999999999865e+03 7.402403549439611341e-21
2.276969999999999800e+03 7.045230140602430687e-21
2.308677999999999884e+03 6.700675153232351018e-21
2.340827000000000226e+03 6.368522762452071585e-21
2.373423999999999978e+03 6.048552952609969503e-21
2.406474999999999909e+03 5.740535231118639491e-21
2.439985999999999876e+03 5.444239105390669499e-21
2.473963999999999942e+03 5.159427796677176685e-21
2.508414999999999964e+03 4.885858240067799892e-21
2.543346000000000004e+03 4.623287370652180973e-21
2.578762999999999920e+03 4.371461646584169607e-21
2.614672999999999774e+03 4.130129621404773154e-21
2.651083999999999833e+03 3.899037753267839787e-21
2.688001000000000204e+03 3.677924118778586950e-21
2.725432999999999993e+03 3.466530985316547449e-21
2.763385000000000218e+03 3.264596429486937976e-21
2.801867000000000189e+03 3.071856432507815280e-21
2.840884000000000015e+03 2.888046975597238371e-21
2.880443999999999960e+03 2.712904039973264750e-21
2.920556000000000040e+03 2.546163606853952673e-21
2.961224999999999909e+03 2.387561657457360396e-21
3.002461999999999989e+03 2.236836268388703480e-21
3.044271999999999935e+03 2.093721535017598492e-21
3.086664999999999964e+03 1.957960562878441088e-21
3.129648000000000138e+03 1.829294152579752869e-21
3.173230000000000018e+03 1.707466038272078225e-21
3.217418000000000120e+03 1.592222678109265895e-21
3.262222000000000207e+03 1.483313254248470844e-21
3.307650000000000091e+03 1.380490720543734050e-21
3.353710000000000036e+03 1.283511173929832261e-21
3.400411999999999807e+03 1.192134483038427671e-21
3.447764000000000124e+03 1.106125126352930959e-21
3.495775999999999840e+03 1.025251354053637682e-21
3.544456000000000131e+03 9.492864452500225525e-22
3.593813999999999851e+03 8.780082889033093284e-22
3.643858999999999924e+03 8.112000124426171969e-22
3.694601000000000113e+03 7.486495626875289743e-22
3.746050000000000182e+03 6.901507535416711705e-22
3.798215000000000146e+03 6.355026373765655362e-22
3.851106999999999971e+03 5.845099241090614276e-22
3.904735000000000127e+03 5.369827716626196238e-22
3.959110000000000127e+03 4.927380431996072568e-22
4.014242000000000189e+03 4.515978403502872635e-22
4.070141999999999825e+03 4.133901318289657572e-22
4.126820999999999913e+03 3.779495915888552505e-22
4.184288999999999760e+03 3.451165511284955791e-22
4.242555999999999585e+03 3.147369994917539021e-22
4.301636000000000422e+03 2.866636309614038718e-22
4.361537999999999556e+03 2.607547973655464167e-22
4.422274000000000342e+03 2.368751366937573003e-22
4.483855999999999767e+03 2.148945254035080912e-22
4.546295000000000073e+03 1.946894613756902895e-22
4.609604000000000269e+03 1.761417647745774807e-22
4.673795000000000073e+03 1.591390599868716753e-22
4.738880000000000109e+03 1.435745032213727279e-22
4.804869999999999891e+03 1.293467196473634921e-22
4.871779999999999745e+03 1.163596357636373547e-22
4.939622000000000298e+03 1.045223955830116851e-22
5.008408000000000357e+03 9.374921395522698038e-23
5.078152000000000044e+03 8.395912512048768439e-23
5.148867000000000189e+03 7.507602461720541007e-23
5.220568000000000211e+03 6.702831306618211405e-23
5.293265999999999622e+03 5.974885426286681562e-23
5.366976999999999862e+03 5.317476563863984958e-23
5.441713999999999942e+03 4.724725062984017691e-23
5.517492000000000189e+03 4.191147295453586477e-23
5.594326000000000022e+03 3.711628421219355295e-23
5.672229000000000269e+03 3.281414006819210334e-23
5.751216999999999643e+03 2.896095357672152166e-23
5.831305000000000291e+03 2.551578087270921929e-23
5.912507999999999811e+03 2.244084212569158619e-23
5.994842999999999847e+03 1.970121351790175249e-23
6.078323000000000320e+03 1.726470780720152722e-23
6.162966000000000349e+03 1.510174231769046367e-23
6.248787999999999556e+03 1.318515873641022636e-23
6.335805000000000291e+03 1.149007643624352154e-23
6.424033999999999651e+03 9.993743703425858775e-24
6.513490999999999985e+03 8.675405728154572308e-24
6.604194000000000415e+03 7.516153736713439998e-24
6.696159999999999854e+03 6.498816031340439339e-24
6.789407000000000153e+03 5.607807122352361260e-24
6.883952000000000226e+03 4.829033435722684107e-24
6.979814000000000306e+03 4.149761303690601620e-24
7.077011000000000422e+03 3.558518481564587474e-24
7.175560999999999694e+03 3.044989378364480943e-24
7.275484000000000378e+03 2.599918669012203591e-24
7.376797999999999774e+03 2.215023288071116155e-24
7.479523000000000138e+03 1.882901909020777642e-24
7.583677999999999884e+03 1.596962443861271776e-24
7.689283999999999651e+03 1.351342837478623279e-24
7.796359999999999673e+03 1.140844434333165069e-24
7.904927999999999884e+03 9.608668119189159868e-25
8.015006999999999607e+03 8.073497385392965928e-25
8.126618999999999687e+03 6.767174360087199517e-25
8.239786000000000058e+03 5.658295475930870735e-25
8.354528000000000247e+03 4.719342013374423155e-25
8.470868000000000393e+03 3.926269404776712389e-25
8.588828999999999724e+03 3.258111206232092969e-25
8.708431000000000495e+03 2.696643835625091852e-25
8.829700000000000728e+03 2.226063883008039191e-25
8.952656999999999243e+03 1.832701461637815081e-25
9.077326999999999316e+03 1.504768971055573762e-25
9.203731999999999971e+03 1.232127670957310756e-25
9.331897999999999229e+03 1.006080237865196274e-25
9.461847999999999956e+03 8.191882569060888220e-26
9.593608000000000175e+03 6.651077339196108080e-26
9.727202999999999520e+03 5.384436755893652431e-26
9.862657999999999447e+03 4.346210135939861660e-26
1.000000000000000000e+04 3.497725013941709006e-26
