# # E(Ryd) fnu(erg/s/Hz/cm^2)
1.000000000000000021e-02 8.158865553608032964e-22
1.013925000000000069e-02 8.158848790510766612e-22
1.028045000000000000e-02 8.158829932026342202e-22
1.042360999999999982e-02 8.158811073541917791e-22
1.056875999999999996e-02 8.158792215057493381e-22
1.071593000000000025e-02 8.158773356573068971e-22
1.086516000000000044e-02 8.158754498088644560e-22
1.101646000000000049e-02 8.158735639604220150e-22
1.116987000000000015e-02 8.158714685732638621e-22
1.132540999999999930e-02 8.158695827248212330e-22
1.148311999999999944e-02 8.158674873376629861e-22
1.164303000000000039e-02 8.158653919505047392e-22
1.180517000000000025e-02 8.158632965633465863e-22
1.196956000000000062e-02 8.158612011761881513e-22
1.213623999999999953e-02 8.158591057890299044e-22
1.230524000000000027e-02 8.158568008631559456e-22
1.247659999999999915e-02 8.158547054759975106e-22
1.265033999999999950e-02 8.158524005501235519e-22
1.282649999999999936e-02 8.158500956242494050e-22
1.300511000000000028e-02 8.158477906983753522e-22
1.318621000000000029e-02 8.158454857725012054e-22
1.336983999999999916e-02 8.158431808466271526e-22
1.355602000000000022e-02 8.158406663820371999e-22
1.374478999999999979e-02 8.158383614561630530e-22
1.393618999999999934e-02 8.158358469915731943e-22
1.413026000000000039e-02 8.158333325269832416e-22
1.432702999999999928e-02 8.158308180623932889e-22
1.452653999999999924e-02 8.158283035978034302e-22
1.472883000000000005e-02 8.158255795944977656e-22
1.493392999999999977e-02 8.158230651299077189e-22
1.514188999999999986e-02 8.158203411266019603e-22
1.535275000000000008e-02 8.158176171232962017e-22
1.556654000000000024e-02 8.158148931199904431e-22
1.578330999999999831e-02 8.158119595779689726e-22
1.600309999999999927e-02 8.158092355746632140e-22
1.622594999999999940e-02 8.158063020326416495e-22
1.645191000000000014e-02 8.158033684906198969e-22
1.668100999999999959e-02 8.158004349485984265e-22
1.691329999999999917e-02 8.157975014065768620e-22
1.714881999999999865e-02 8.157943583258394916e-22
1.738761999999999946e-02 8.157912152451020272e-22
1.762974999999999959e-02 8.157882817030804627e-22
1.787526000000000045e-02 8.157849290836271924e-22
1.812418000000000015e-02 8.157817860028898220e-22
1.837656000000000012e-02 8.157786429221523576e-22
1.863245999999999999e-02 8.157752903026991814e-22
1.889193000000000122e-02 8.157719376832459111e-22
1.915501000000000009e-02 8.157685850637926408e-22
1.942175000000000151e-02 8.157650229056237527e-22
1.969219999999999998e-02 8.157616702861703883e-22
1.996641999999999861e-02 8.157581081280013121e-22
2.024447000000000052e-02 8.157545459698322359e-22
2.052638000000000032e-02 8.157507742729474479e-22
2.081221999999999933e-02 8.157472121147783717e-22
2.110203000000000079e-02 8.157434404178934897e-22
2.139589000000000074e-02 8.157396687210086076e-22
2.169383999999999896e-02 8.157356874854079197e-22
2.199593000000000034e-02 8.157319157885230376e-22
2.230222999999999928e-02 8.157279345529222556e-22
2.261279999999999887e-02 8.157239533173215676e-22
2.292769000000000057e-02 8.157197625430049798e-22
2.324696999999999875e-02 8.157157813074042918e-22
2.357068999999999831e-02 8.157115905330877039e-22
2.389892999999999879e-02 8.157073997587713042e-22
2.423172999999999994e-02 8.157029994457388164e-22
2.456915999999999961e-02 8.156985991327064226e-22
2.491130000000000080e-02 8.156941988196740288e-22
2.525820000000000148e-02 8.156897985066418232e-22
2.560992999999999950e-02 8.156851886548936235e-22
2.596655999999999964e-02 8.156805788031454239e-22
2.632815000000000155e-02 8.156759689513972242e-22
2.669478000000000129e-02 8.156713590996490246e-22
2.706652000000000016e-02 8.156665397091849250e-22
2.744343000000000130e-02 8.156615107800051136e-22
2.782559000000000074e-02 8.156566913895412021e-22
2.821308000000000149e-02 8.156516624603612027e-22
2.860595999999999972e-02 8.156466335311814853e-22
2.900430000000000022e-02 8.156413950632857739e-22
2.940819999999999892e-02 8.156361565953900626e-22
2.981771999999999895e-02 8.156309181274944453e-22
3.023295000000000149e-02 8.156256796595987340e-22
3.065394999999999925e-02 8.156202316529872168e-22
3.108081999999999859e-02 8.156147836463756996e-22
3.151363000000000081e-02 8.156091261010483765e-22
3.195247999999999838e-02 8.156034685557211474e-22
3.239742999999999790e-02 8.155976014716778303e-22
3.284857000000000055e-02 8.155919439263506013e-22
3.330600000000000227e-02 8.155860768423074723e-22
3.376980000000000259e-02 8.155800002195484434e-22
3.424006000000000272e-02 8.155739235967894145e-22
3.471686999999999690e-02 8.155678469740304796e-22
3.520030999999999854e-02 8.155615608125556448e-22
3.569048999999999833e-02 8.155552746510808100e-22
3.618749999999999745e-02 8.155487789508901694e-22
3.669142000000000237e-02 8.155422832506996227e-22
3.720236999999999850e-02 8.155357875505089820e-22
3.772041999999999756e-02 8.155290823116025355e-22
3.824570000000000053e-02 8.155223770726959949e-22
3.877827999999999831e-02 8.155154622950737424e-22
3.931828999999999880e-02 8.155083379787355901e-22
3.986581000000000152e-02 8.155014232011132436e-22
4.042095999999999884e-02 8.154942988847752793e-22
4.098384000000000055e-02 8.154869650297213211e-22
4.155455000000000260e-02 8.154796311746673628e-22
4.213321999999999901e-02 8.154720877808975987e-22
4.271993999999999791e-02 8.154645443871277405e-22
4.331482999999999861e-02 8.154570009933579764e-22
4.391801000000000038e-02 8.154490385221565064e-22
4.452959000000000084e-02 8.154412855896710305e-22
4.514967999999999759e-02 8.154333231184694665e-22
4.577840999999999855e-02 8.154251511085522847e-22
4.641589000000000131e-02 8.154169790986351029e-22
4.706224999999999992e-02 8.154085975500019272e-22
4.771761000000000058e-02 8.154002160013688454e-22
4.838209999999999733e-02 8.153916249140200519e-22
4.905584000000000333e-02 8.153828242879551703e-22
4.973895999999999873e-02 8.153740236618905709e-22
5.043158999999999836e-02 8.153652230358257834e-22
5.113387999999999961e-02 8.153560033323293841e-22
5.184594000000000008e-02 8.153469931675487907e-22
5.256791000000000241e-02 8.153375639253365855e-22
5.329993999999999704e-02 8.153281346831244744e-22
5.404215999999999881e-02 8.153184959021963693e-22
5.479471999999999815e-02 8.153088571212683583e-22
5.555775999999999770e-02 8.152990088016244473e-22
5.633143000000000178e-02 8.152891604819805363e-22
5.711585999999999747e-02 8.152788930849051076e-22
5.791123000000000104e-02 8.152686256878295849e-22
5.871765999999999791e-02 8.152583582907540621e-22
5.953532999999999742e-02 8.152476718162468336e-22
6.036438999999999694e-02 8.152369853417396050e-22
6.120497999999999911e-02 8.152262988672325646e-22
6.205729000000000106e-02 8.152151933152937243e-22
6.292145999999999850e-02 8.152040877633548839e-22
6.379767000000000077e-02 8.151927726727001437e-22
6.468608000000000691e-02 8.151814575820454975e-22
6.558685999999999683e-02 8.151697234139592395e-22
6.650018000000000595e-02 8.151579892458728875e-22
6.742621999999999505e-02 8.151460455390707296e-22
6.836515999999999427e-02 8.151338922935527659e-22
6.931716999999999740e-02 8.151217390480348961e-22
7.028244000000000158e-02 8.151091667250852265e-22
7.126114999999999533e-02 8.150965944021356510e-22
7.225349000000000355e-02 8.150838125404702696e-22
7.325964999999999561e-02 8.150708211400888002e-22
7.427981999999999640e-02 8.150576202009918070e-22
7.531419999999999781e-02 8.150444192618947197e-22
7.636297999999999697e-02 8.150307992453659267e-22
7.742636999999999436e-02 8.150171792288372277e-22
7.850456000000000101e-02 8.150031401348768229e-22
7.959776999999999825e-02 8.149891010409163240e-22
8.070620000000000571e-02 8.149748524082401133e-22
8.183007000000000475e-02 8.149603942368480968e-22
8.296958999999999584e-02 8.149457265267401803e-22
8.412496999999999336e-02 8.149308492779164579e-22
8.529644000000000115e-02 8.149157624903770237e-22
8.648422999999999528e-02 8.149004661641215955e-22
8.768855999999999873e-02 8.148849602991503614e-22
8.890966000000000147e-02 8.148692448954633214e-22
9.014775999999999345e-02 8.148531104143445757e-22
9.140310999999999575e-02 8.148369759332260180e-22
9.267593000000000358e-02 8.148206319133914663e-22
9.396648000000000500e-02 8.148040783548412028e-22
9.527499999999999858e-02 8.147871057188591395e-22
9.660175000000000012e-02 8.147699235441614584e-22
9.794696999999999432e-02 8.147527413694635891e-22
9.931091999999999698e-02 8.147351401173341081e-22
1.006939000000000028e-01 8.147173293264887272e-22
1.020960999999999952e-01 8.146993089969277285e-22
1.035177999999999932e-01 8.146808695899349299e-22
1.049593000000000054e-01 8.146624301829422254e-22
1.064208999999999988e-01 8.146435716985177210e-22
1.079028999999999960e-01 8.146245036753774108e-22
1.094055000000000027e-01 8.146050165748054888e-22
1.109289999999999998e-01 8.145855294742336608e-22
1.124736999999999959e-01 8.145656232962300329e-22
1.140400000000000025e-01 8.145452980407948874e-22
1.156279999999999947e-01 8.145249727853596478e-22
1.172382000000000007e-01 8.145042284524927024e-22
1.188707999999999987e-01 8.144830650421942392e-22
1.205260999999999971e-01 8.144619016318956821e-22
1.222044999999999937e-01 8.144401096054498013e-22
1.239061999999999941e-01 8.144183175790037324e-22
1.256317000000000128e-01 8.143961064751261458e-22
1.273810999999999971e-01 8.143734762938167594e-22
1.291549999999999920e-01 8.143506365737915671e-22
1.309535000000000005e-01 8.143275873150506629e-22
1.327771000000000090e-01 8.143041189788779589e-22
1.346260999999999985e-01 8.142802315652736431e-22
1.365008000000000055e-01 8.142561346129536155e-22
1.384016000000000135e-01 8.142316185832017880e-22
1.403289000000000064e-01 8.142068930147342487e-22
1.422829999999999928e-01 8.141817483688350036e-22
1.442643999999999871e-01 8.141561846455041467e-22
1.462732999999999950e-01 8.141302018447416780e-22
1.483103000000000060e-01 8.141040095052632154e-22
1.503754999999999953e-01 8.140773980883531410e-22
1.524696000000000107e-01 8.140505771327273548e-22
1.545928000000000024e-01 8.140231275609539628e-22
1.567455000000000098e-01 8.139954684504648590e-22
1.589282999999999946e-01 8.139673902625441434e-22
1.611413999999999902e-01 8.139388929971916280e-22
1.633853999999999862e-01 8.139099766544075008e-22
1.656605999999999912e-01 8.138806412341916678e-22
1.679674999999999918e-01 8.138510962752601230e-22
1.703064999999999996e-01 8.138209227001809724e-22
1.726781000000000010e-01 8.137903300476703041e-22
1.750827000000000078e-01 8.137595278564436418e-22
1.775208000000000064e-01 8.137280970490696560e-22
1.799929000000000112e-01 8.136962471642639643e-22
1.824993000000000032e-01 8.136639782020265668e-22
1.850407000000000024e-01 8.136312901623576516e-22
1.876174999999999926e-01 8.135981830452568425e-22
1.902301000000000131e-01 8.135644473120088038e-22
1.928792000000000006e-01 8.135305020400448652e-22
1.955650999999999917e-01 8.134959281519334149e-22
1.982884000000000035e-01 8.134609351863902588e-22
2.010495999999999950e-01 8.134253136046996850e-22
2.038493000000000110e-01 8.133892729455774995e-22
2.066880000000000106e-01 8.133528132090235142e-22
2.095662000000000080e-01 8.133157248563222052e-22
2.124844999999999928e-01 8.132782174261891904e-22
2.154435000000000100e-01 8.132402909186245639e-22
2.184435999999999878e-01 8.132017357949123316e-22
2.214855000000000018e-01 8.131625520550526816e-22
2.245698000000000139e-01 8.131229492377614199e-22
2.276970000000000105e-01 8.130827178043225525e-22
2.308678000000000119e-01 8.130418577547364555e-22
2.340827000000000047e-01 8.130005786277184646e-22
2.373424000000000089e-01 8.129586708845530561e-22
2.406474999999999864e-01 8.129161345252402299e-22
2.439986000000000099e-01 8.128729695497798920e-22
2.473963999999999885e-01 8.128293854968877543e-22
2.508414999999999950e-01 8.127851728278482929e-22
2.543346000000000218e-01 8.127401220039455140e-22
2.578763000000000027e-01 8.126946521026110293e-22
2.614673000000000136e-01 8.126485535851291269e-22
2.651084000000000218e-01 8.126018264514996188e-22
2.688000999999999863e-01 8.125542611630068872e-22
2.725432999999999883e-01 8.125062767970825438e-22
2.763384999999999869e-01 8.124574542762948828e-22
2.801867000000000107e-01 8.124080031393597101e-22
2.840884000000000187e-01 8.123579233862772138e-22
2.880443999999999782e-01 8.123070054783311179e-22
2.920556000000000263e-01 8.122554589542376983e-22
2.961225000000000107e-01 8.122032838139967670e-22
3.002462000000000186e-01 8.121502705188925181e-22
3.044272000000000089e-01 8.120966286076408516e-22
3.086665000000000103e-01 8.120421485415259616e-22
3.129647999999999874e-01 8.119870398592634658e-22
3.173230000000000217e-01 8.119310930221376525e-22
3.217418000000000222e-01 8.118743080301485215e-22
3.262222000000000177e-01 8.118168944220117849e-22
3.307649999999999757e-01 8.117584331202962069e-22
3.353709999999999747e-01 8.116993432024329291e-22
3.400411999999999879e-01 8.116394151297064278e-22
3.447763999999999829e-01 8.115786489021166089e-22
3.495775999999999883e-01 8.115170445196635665e-22
3.544456000000000273e-01 8.114546019823471125e-22
3.593814000000000175e-01 8.113911117514515350e-22
3.643858999999999848e-01 8.113269929044084459e-22
3.694601000000000135e-01 8.112618263637862332e-22
3.746050000000000213e-01 8.111958216683007971e-22
3.798214999999999786e-01 8.111289788179519493e-22
3.851106999999999725e-01 8.110610882740239780e-22
3.904734999999999734e-01 8.109923595752326892e-22
3.959110000000000129e-01 8.109225831828622770e-22
4.014242000000000088e-01 8.108519686356286412e-22
4.070141999999999927e-01 8.107803063948157878e-22
4.126820999999999962e-01 8.107075964604239051e-22
4.184288999999999925e-01 8.106338388324528049e-22
4.242556000000000105e-01 8.105592430496182931e-22
4.301635999999999793e-01 8.104833900344890400e-22
4.361537999999999804e-01 8.104066988644962812e-22
4.422273999999999927e-01 8.103289600009245871e-22
4.483855999999999953e-01 8.102499639050578696e-22
4.546295000000000197e-01 8.101699201156118405e-22
4.609603999999999924e-01 8.100888286325867820e-22
4.673795000000000033e-01 8.100066894559826941e-22
4.738879999999999759e-01 8.099232930470835829e-22
4.804869999999999974e-01 8.098388489446052541e-22
4.871779999999999999e-01 8.097531476098319960e-22
4.939622000000000179e-01 8.096661890427639026e-22
5.008407999999999749e-01 8.095781827821164976e-22
5.078152000000000221e-01 8.094889192891742574e-22
5.148867000000000305e-01 8.093983985639369937e-22
5.220567999999999875e-01 8.093066206064047067e-22
5.293265999999999805e-01 8.092135854165775844e-22
5.366977000000000553e-01 8.091192929944554387e-22
5.441713999999999718e-01 8.090235338013225577e-22
5.517492000000000507e-01 8.089267269146103653e-22
5.594325999999999466e-01 8.088282437181718198e-22
5.672228999999999743e-01 8.087287128281540568e-22
5.751216999999999580e-01 8.086277151671254645e-22
5.831304999999999961e-01 8.085252507350859489e-22
5.912507999999999653e-01 8.084215290707515981e-22
5.994842999999999700e-01 8.083161310966906120e-22
6.078322999999999920e-01 8.082094758903346967e-22
6.162965999999999722e-01 8.081013539129679520e-22
6.248787999999999565e-01 8.079917651645905662e-22
6.335804999999999909e-01 8.078805001064864512e-22
6.424033999999999578e-01 8.077677682773715070e-22
6.513491000000000142e-01 8.076535696772458275e-22
6.604193999999999898e-01 8.075376947673934188e-22
6.696159999999999890e-01 8.074201435478144690e-22
6.789406999999999526e-01 8.073011255572248780e-22
6.883951999999999849e-01 8.071804312569084638e-22
6.979813999999999741e-01 8.070580606468655085e-22
7.077010999999999719e-01 8.069340137270960120e-22
7.175561000000000300e-01 8.068082904975997864e-22
7.275483999999999840e-01 8.066808909583769256e-22
7.376797999999999966e-01 8.065516055707117179e-22
7.479523000000000144e-01 8.064206438733199690e-22
7.583678000000000363e-01 8.062877963274855910e-22
7.689283999999999564e-01 8.061530629332087720e-22
7.796359999999999957e-01 8.060166532292055059e-22
7.904927999999999955e-01 8.058783576767597047e-22
8.015006999999999548e-01 8.057379667371555626e-22
8.126619000000000481e-01 8.055958994878248794e-22
8.239786000000000055e-01 8.054517368513359492e-22
8.354527999999999954e-01 8.053054788276887722e-22
8.470868000000000286e-01 8.051573349555991541e-22
8.588829000000000047e-01 8.050070956963511010e-22
8.708430999999999811e-01 8.048549705886607009e-22
8.829700000000000326e-01 8.047005405550962480e-22
8.952657000000000531e-01 8.045442246730893541e-22
9.077326999999999479e-01 8.043856038652083133e-22
9.203732000000000024e-01 8.042248876701690257e-22
9.331897999999999582e-01 8.040618665492557792e-22
9.461848000000000480e-01 8.038965405024681038e-22
9.593608000000000136e-01 8.037291190685224636e-22
9.727202999999999822e-01 8.035593927087025825e-22
9.862657999999999703e-01 8.033871518842929368e-22
1.000000000000000000e+00 8.032128156727248561e-22
1.013924999999999965e+00 8.030359649965668227e-22
1.028045000000000098e+00 8.028565998558190246e-22
1.042361000000000093e+00 8.026749297891969856e-22
1.056875999999999927e+00 8.024905357192691880e-22
1.071593000000000018e+00 8.023038367234674317e-22
1.086516000000000037e+00 8.021146232630757226e-22
1.101645999999999903e+00 8.019226857993782550e-22
1.116986999999999952e+00 8.017282338710907405e-22
1.132541000000000020e+00 8.015310579394975615e-22
1.148311999999999999e+00 8.013311580045985299e-22
1.164303000000000088e+00 8.011285340663940217e-22
1.180517000000000039e+00 8.009231861248834729e-22
1.196955999999999909e+00 8.007149046413514535e-22
1.213624000000000036e+00 8.005038991545136756e-22
1.230523999999999951e+00 8.002899601256543332e-22
1.247659999999999991e+00 8.000730875547735203e-22
1.265033999999999992e+00 7.998532814418710489e-22
1.282650000000000068e+00 7.996305417869469190e-22
1.300510999999999973e+00 7.994046590512854187e-22
1.318621000000000043e+00 7.991758427736024479e-22
1.336983999999999950e+00 7.989436738764661128e-22
1.355601999999999974e+00 7.987085714373083073e-22
1.374479000000000006e+00 7.984701163786971374e-22
1.393618999999999941e+00 7.982285182393486911e-22
1.413025999999999893e+00 7.979835674805468806e-22
1.432703000000000060e+00 7.977352641022919878e-22
1.452653999999999890e+00 7.974836081045838247e-22
1.472882999999999942e+00 7.972285994874223913e-22
1.493392999999999970e+00 7.969700287120918818e-22
1.514189000000000007e+00 7.967078957785923900e-22
1.535274999999999945e+00 7.964424102256394400e-22
1.556653999999999982e+00 7.961731529758018899e-22
1.578330999999999928e+00 7.959003335677951697e-22
1.600309999999999899e+00 7.956237424629036614e-22
1.622595000000000010e+00 7.953433796611269889e-22
1.645191000000000070e+00 7.950592451624657165e-22
1.668101000000000056e+00 7.947711294282036621e-22
1.691330000000000000e+00 7.944792419970566316e-22
1.714882000000000017e+00 7.941833733303090071e-22
1.738761999999999919e+00 7.938835234279605067e-22
1.762974999999999959e+00 7.935796922900114123e-22
1.787525999999999948e+00 7.932716703777458241e-22
1.812418000000000085e+00 7.929594576911636480e-22
1.837655999999999956e+00 7.926430542302648841e-22
1.863245999999999958e+00 7.923222504563338204e-22
1.889192999999999900e+00 7.919972559080862629e-22
1.915500999999999898e+00 7.916678610468062176e-22
1.942174999999999985e+00 7.913340658724937786e-22
1.969219999999999970e+00 7.909956608464333279e-22
1.996642000000000028e+00 7.906526459686244896e-22
2.024446999999999885e+00 7.903050212390676397e-22
2.052637999999999963e+00 7.899527866577624021e-22
2.081221999999999905e+00 7.895957326859932530e-22
2.110202999999999829e+00 7.892340688624759042e-22
2.139588999999999963e+00 7.888673761097787441e-22
2.169383999999999979e+00 7.884956544279016785e-22
2.199593000000000131e+00 7.881191133555607014e-22
2.230223000000000066e+00 7.877375433540397248e-22
2.261280000000000179e+00 7.873507348846231309e-22
2.292768999999999835e+00 7.869586879473109198e-22
2.324697000000000013e+00 7.865614025421029032e-22
2.357069000000000081e+00 7.861588786689993634e-22
2.389892999999999823e+00 7.857509067892841183e-22
2.423172999999999799e+00 7.853374869029575441e-22
2.456916000000000100e+00 7.849186190100195467e-22
2.491130000000000067e+00 7.844940935717539441e-22
2.525819999999999954e+00 7.840637010494454946e-22
2.560992999999999853e+00 7.836278605205253398e-22
2.596655999999999853e+00 7.831859433688463442e-22
2.632814999999999905e+00 7.827381591331240316e-22
2.669477999999999795e+00 7.822845078133586840e-22
2.706652000000000058e+00 7.818247798708342134e-22
2.744343000000000199e+00 7.813589753055509960e-22
2.782559000000000005e+00 7.808868845787926618e-22
2.821308000000000149e+00 7.804085076905596808e-22
2.860596000000000139e+00 7.799238446408518651e-22
2.900430000000000064e+00 7.794326858909535027e-22
2.940819999999999990e+00 7.789350314408644056e-22
2.981771999999999867e+00 7.784306717518689559e-22
3.023295000000000066e+00 7.779196068239669657e-22
3.065395000000000092e+00 7.774020461958744288e-22
3.108082000000000011e+00 7.768773612514436456e-22
3.151362999999999914e+00 7.763457615293906099e-22
3.195247999999999866e+00 7.758072470297153217e-22
3.239742999999999817e+00 7.752616082137017871e-22
3.284857000000000138e+00 7.747086355426344824e-22
3.330600000000000005e+00 7.741483290165132194e-22
3.376980000000000093e+00 7.735808981740538041e-22
3.424005999999999883e+00 7.730057143991086307e-22
3.471687000000000189e+00 7.724231967691097811e-22
3.520030999999999910e+00 7.718327166679093675e-22
3.569049000000000138e+00 7.712346931729390958e-22
3.618749999999999911e+00 7.706287072067675422e-22
3.669141999999999904e+00 7.700149683081104186e-22
3.720237000000000016e+00 7.693930573995358311e-22
3.772041999999999895e+00 7.687629744810441559e-22
3.824570000000000025e+00 7.681247195526352988e-22
3.877828000000000053e+00 7.674778735368773661e-22
3.931829000000000018e+00 7.668228555112023457e-22
3.986581000000000152e+00 7.661592463981782496e-22
4.042095999999999911e+00 7.654868366590895540e-22
4.098384000000000249e+00 7.648058358326518768e-22
4.155454999999999899e+00 7.641158248414336062e-22
4.213321999999999790e+00 7.634168036854348363e-22
4.271994000000000291e+00 7.627089819033713729e-22
4.331483000000000416e+00 7.619917308790957043e-22
4.391801000000000066e+00 7.612652601513236364e-22
4.452958999999999889e+00 7.605293601813391753e-22
4.514967999999999648e+00 7.597838214304268912e-22
4.577841000000000271e+00 7.590288534373023079e-22
4.641588999999999743e+00 7.582640371245339077e-22
4.706224999999999881e+00 7.574893724921215024e-22
4.771760999999999697e+00 7.567046500013494744e-22
4.838210000000000122e+00 7.559100791909337234e-22
4.905584000000000167e+00 7.551050314447264558e-22
4.973895999999999873e+00 7.542897163014436654e-22
5.043159000000000169e+00 7.534639242223695463e-22
5.113387999999999600e+00 7.526276552075040987e-22
5.184593999999999703e+00 7.517806997181315165e-22
5.256790999999999769e+00 7.509228482155359940e-22
5.329994000000000121e+00 7.500541006997172489e-22
5.404215999999999909e+00 7.491742476319598516e-22
5.479472000000000342e+00 7.482830794735477141e-22
5.555775999999999826e+00 7.473808057631968302e-22
5.633142999999999567e+00 7.464670074234753063e-22
5.711585999999999608e+00 7.455414749156676184e-22
5.791122999999999799e+00 7.446044177784894784e-22
5.871766000000000041e+00 7.436554169345090864e-22
5.953533000000000186e+00 7.426944723837265366e-22
6.036438999999999666e+00 7.417213745874262111e-22
6.120498000000000438e+00 7.407359140068919279e-22
6.205728999999999829e+00 7.397383001808396809e-22
6.292145999999999795e+00 7.387281140318378583e-22
6.379767000000000188e+00 7.377051460211706543e-22
6.468607999999999691e+00 7.366693961488378808e-22
6.558685999999999794e+00 7.356208644148397259e-22
6.650018000000000207e+00 7.345591317417443897e-22
6.742621999999999893e+00 7.334841981295521543e-22
6.836515999999999593e+00 7.323958540395468378e-22
6.931716999999999906e+00 7.312940994717286281e-22
7.028243999999999936e+00 7.301787248873816254e-22
7.126115000000000421e+00 7.290493112090743120e-22
7.225348999999999577e+00 7.279062775142381114e-22
7.325965000000000060e+00 7.267489951867257942e-22
7.427982000000000085e+00 7.255774642265371723e-22
7.531419999999999781e+00 7.243914750949565338e-22
7.636298000000000030e+00 7.231910277919837847e-22
7.742637000000000214e+00 7.219759127789032131e-22
7.850456000000000323e+00 7.207459205169989191e-22
7.959776999999999880e+00 7.195010510062709028e-22
8.070619999999999905e+00 7.182408851692874582e-22
8.183006999999999920e+00 7.169656325447644854e-22
8.296958999999999307e+00 7.156748740552703726e-22
8.412497000000000114e+00 7.143684001620892198e-22
8.529643999999999338e+00 7.130462108652210270e-22
8.648422999999999305e+00 7.117080966259499884e-22
8.768855999999999540e+00 7.103538479055602981e-22
8.890966000000000591e+00 7.089834647040518620e-22
9.014775999999999456e+00 7.075967374827090624e-22
9.140311000000000519e+00 7.061934567028158111e-22
9.267592999999999748e+00 7.047734128256563965e-22
9.396648000000000778e+00 7.033363963125150126e-22
9.527499999999999858e+00 7.018826167021074652e-22
9.660175000000000622e+00 7.004114453782863368e-22
9.794696999999999321e+00 6.989230918797673391e-22
9.931091999999999587e+00 6.974171371291188605e-22
1.006939000000000028e+01 6.958935811263409949e-22
1.020960999999999963e+01 6.943522143327178424e-22
1.035177999999999976e+01 6.927928272095335032e-22
1.049592999999999954e+01 6.912152102180722653e-22
1.064208999999999961e+01 6.896195728970498405e-22
1.079029000000000060e+01 6.880052866303189054e-22
1.094055000000000000e+01 6.863723514178792718e-22
1.109290000000000020e+01 6.847207672597311278e-22
1.124737000000000009e+01 6.830501150784426736e-22
1.140399999999999991e+01 6.813603948740139090e-22
1.156279999999999930e+01 6.796513971077292164e-22
1.172381999999999991e+01 6.779229122408725078e-22
1.188707999999999920e+01 6.761749402734438771e-22
1.205260999999999960e+01 6.744072716667276126e-22
1.222044999999999959e+01 6.726196968820077202e-22
1.239062000000000019e+01 6.708120063805684881e-22
1.256316999999999950e+01 6.689839906236940165e-22
1.273811000000000071e+01 6.671358591501001111e-22
1.291549999999999976e+01 6.652669833436393544e-22
1.309534999999999982e+01 6.633775727430275522e-22
1.327771000000000079e+01 6.614672082708329987e-22
1.346260999999999974e+01 6.595358899270558820e-22
1.365008000000000088e+01 6.575836177116959199e-22
1.384015999999999913e+01 6.556097630086058830e-22
1.403289000000000009e+01 6.536147448952172889e-22
1.422830000000000084e+01 6.515979347553827199e-22
1.442643999999999949e+01 6.495595421278178880e-22
1.462733000000000061e+01 6.474991479350913694e-22
1.483103000000000016e+01 6.454169617159186879e-22
1.503754999999999953e+01 6.433123548541527080e-22
1.524695999999999962e+01 6.411855368885089534e-22
1.545927999999999969e+01 6.390362982802717122e-22
1.567454999999999998e+01 6.368644294907250847e-22
1.589283000000000001e+01 6.346699305198692588e-22
1.611413999999999902e+01 6.324525918289882405e-22
1.633853999999999829e+01 6.302122038793662241e-22
1.656606000000000023e+01 6.279487666710033975e-22
1.679674999999999940e+01 6.256620706651835787e-22
1.703065000000000140e+01 6.233521158619070499e-22
1.726781000000000077e+01 6.210186927224579112e-22
1.750826999999999956e+01 6.186615917081202625e-22
1.775207999999999942e+01 6.162810223576100979e-22
1.799928999999999846e+01 6.138763560547798116e-22
1.824992999999999910e+01 6.114480118770610154e-22
1.850406999999999869e+01 6.089955707470221916e-22
1.876174999999999926e+01 6.065190326646631521e-22
1.902300999999999931e+01 6.040183976299841790e-22
1.928791999999999973e+01 6.014932465655532844e-22
1.955650999999999939e+01 5.989437890100865563e-22
1.982883999999999958e+01 5.963700249635839007e-22
2.010495999999999839e+01 5.937715353486136116e-22
2.038493000000000066e+01 5.911485297038915892e-22
2.066880000000000095e+01 5.885005889519861275e-22
2.095662000000000091e+01 5.858281321703289324e-22
2.124844999999999828e+01 5.831307402814883920e-22
2.154435000000000144e+01 5.804086228241802184e-22
2.184436000000000178e+01 5.776613607209727996e-22
2.214855000000000018e+01 5.748891635105820356e-22
2.245698000000000150e+01 5.720920311930077383e-22
2.276970000000000027e+01 5.692697542295341959e-22
2.308678000000000097e+01 5.664225421588774023e-22
2.340827000000000169e+01 5.635501854423212695e-22
2.373423999999999978e+01 5.606524745411500858e-22
2.406475000000000009e+01 5.577298285327955569e-22
2.439986000000000033e+01 5.547820378785416888e-22
2.473964000000000141e+01 5.518091025783885755e-22
2.508415000000000106e+01 5.488108130936205053e-22
2.543346000000000018e+01 5.457875885016689959e-22
2.578763000000000005e+01 5.427394288025340472e-22
2.614673000000000158e+01 5.396659149187839535e-22
2.651084000000000174e+01 5.365674659278506086e-22
2.688000999999999863e+01 5.334440818297338245e-22
2.725432999999999950e+01 5.302957626244335070e-22
2.763384999999999891e+01 5.271225083119499385e-22
2.801867000000000019e+01 5.239245284309986425e-22
2.840884000000000142e+01 5.207018229815798072e-22
2.880443999999999960e+01 5.174543919636934326e-22
2.920555999999999841e+01 5.141824449160553246e-22
2.961224999999999952e+01 5.108861913773812890e-22
3.002461999999999875e+01 5.075654218089554260e-22
3.044272000000000133e+01 5.042205552882094412e-22
3.086664999999999992e+01 5.008515918151434289e-22
3.129647999999999897e+01 4.974587409284731008e-22
3.173229999999999862e+01 4.940420026281985509e-22
3.217417999999999978e+01 4.906015864530354911e-22
3.262221999999999866e+01 4.871379114804156273e-22
3.307650000000000290e+01 4.836509777103390533e-22
3.353710000000000235e+01 4.801407851428056753e-22
3.400412000000000035e+01 4.766077528552471050e-22
3.447764000000000095e+01 4.730522999250950482e-22
3.495776000000000039e+01 4.694742168136336989e-22
3.544456000000000273e+01 4.658739225982946691e-22
3.593813999999999709e+01 4.622516268177938585e-22
3.643858999999999781e+01 4.586077485495627849e-22
3.694601000000000113e+01 4.549424973323174423e-22
3.746050000000000324e+01 4.512560827047735426e-22
3.798214999999999719e+01 4.475487142056468915e-22
3.851106999999999658e+01 4.438210204510851890e-22
3.904735000000000156e+01 4.400730014410880587e-22
3.959109999999999729e+01 4.363050762530874887e-22
4.014242000000000132e+01 4.325176639645150908e-22
4.070141999999999882e+01 4.287109741140863886e-22
4.126821000000000339e+01 4.248856353179492700e-22
4.184288999999999703e+01 4.210418571148193529e-22
4.242555999999999727e+01 4.171798490434124430e-22
4.301635999999999882e+01 4.133004492585919051e-22
4.361538000000000181e+01 4.094038672990735921e-22
4.422274000000000171e+01 4.054903127035731686e-22
4.483856000000000108e+01 4.015606236269541875e-22
4.546294999999999931e+01 3.976152191466481664e-22
4.609604000000000212e+01 3.936540992626551053e-22
4.673794999999999789e+01 3.896783116685542218e-22
4.738880000000000337e+01 3.856882754417770336e-22
4.804869999999999663e+01 3.816842001210393935e-22
4.871779999999999688e+01 3.776669238612047133e-22
4.939621999999999957e+01 3.736366562009887516e-22
5.008408000000000015e+01 3.695944448339706791e-22
5.078152000000000044e+01 3.655404992988663016e-22
5.148866999999999905e+01 3.614754482118230368e-22
5.220568000000000097e+01 3.573999201889884904e-22
5.293265999999999849e+01 3.533145438465100330e-22
5.366976999999999975e+01 3.492201573392509822e-22
5.441714000000000340e+01 3.451169702059272849e-22
5.517492000000000019e+01 3.410060301401179236e-22
5.594326000000000221e+01 3.368875466805388452e-22
5.672229000000000099e+01 3.327627770594849320e-22
5.751216999999999757e+01 3.286321403543877957e-22
5.831304999999999694e+01 3.244960556426792363e-22
5.912507999999999697e+01 3.203557801566541361e-22
5.994843000000000188e+01 3.162117329737441067e-22
6.078323000000000320e+01 3.120645427100967540e-22
6.162966000000000122e+01 3.079152570592910603e-22
6.248787999999999698e+01 3.037647141761904373e-22
6.335804999999999865e+01 2.996131235995106438e-22
6.424034000000000333e+01 2.954619521002625561e-22
6.513491000000000497e+01 2.913114092171619331e-22
6.604193999999999676e+01 2.871627521825037041e-22
6.696160000000000423e+01 2.830166096124354278e-22
6.789406999999999925e+01 2.788740292005361807e-22
6.883951999999999316e+01 2.747354300242377156e-22
6.979814000000000362e+01 2.706020693158348678e-22
7.077011000000000251e+01 2.664743661527594371e-22
7.175561000000000433e+01 2.623537873060220177e-22
7.275484000000000151e+01 2.582407518530544095e-22
7.376797999999999433e+01 2.541360979487198830e-22
7.479523000000000366e+01 2.500410828253133675e-22
7.583678000000000452e+01 2.459563350989824218e-22
7.689284000000000674e+01 2.418829024633061223e-22
7.796359999999999957e+01 2.378216230731477395e-22
7.904927999999999599e+01 2.337733350833706851e-22
8.015006999999999948e+01 2.297390861875540355e-22
8.126618999999999460e+01 2.257197145405610613e-22
8.239785999999999433e+01 2.217160582972551741e-22
8.354528000000000532e+01 2.177291651512154033e-22
8.470868000000000109e+01 2.137600827960208723e-22
8.588828999999999780e+01 2.098096493865350163e-22
8.708431000000000211e+01 2.058785144927768053e-22
8.829699999999999704e+01 2.019679353470411921e-22
8.952657000000000664e+01 1.980787081964483897e-22
9.077326999999999657e+01 1.942118178729626996e-22
9.203731999999999402e+01 1.903681234853190860e-22
9.331897999999999627e+01 1.865485679577387459e-22
9.461848000000000525e+01 1.827540523066997244e-22
9.593608000000000402e+01 1.789854985025516427e-22
9.727203000000000088e+01 1.752438075617725931e-22
9.862658000000000413e+01 1.715298595469690213e-22
1.000000000000000000e+02 1.678445345207474438e-22
1.013924999999999983e+02 1.641887334995858588e-22
1.028045000000000044e+02 1.605633155922191832e-22
1.042360999999999933e+02 1.569691399073823340e-22
1.056876000000000033e+02 1.534070445999385818e-22
1.071593000000000018e+02 1.498778678247512441e-22
1.086516000000000020e+02 1.463824267828120391e-22
1.101645999999999930e+02 1.429215386751127085e-22
1.116987000000000023e+02 1.394959787949018188e-22
1.132540999999999940e+02 1.361065433892994886e-22
1.148311999999999955e+02 1.327539867976827085e-22
1.164303000000000026e+02 1.294390424055568697e-22
1.180516999999999967e+02 1.261624226445557639e-22
1.196955999999999989e+02 1.229248818540564050e-22
1.213623999999999938e+02 1.197270486502062813e-22
1.230524000000000058e+02 1.165696145107675616e-22
1.247660000000000053e+02 1.134532080518877575e-22
1.265033999999999992e+02 1.103784788435859568e-22
1.282649999999999864e+02 1.073459716865232969e-22
1.300510999999999910e+02 1.043563151968472543e-22
1.318620999999999981e+02 1.014100122674758031e-22
1.336983999999999924e+02 9.850760769907008089e-23
1.355602000000000089e+02 9.564956247680494528e-23
1.374479000000000042e+02 9.283640044746995799e-23
1.393618999999999915e+02 9.006849878075359076e-23
1.413026000000000124e+02 8.734631846183066591e-23
1.432702999999999918e+02 8.467019475264650341e-23
1.452653999999999996e+02 8.204052577676119793e-23
1.472882999999999925e+02 7.945760488837688240e-23
1.493393000000000086e+02 7.692172544169570152e-23
1.514189000000000078e+02 7.443315983704827111e-23
1.535275000000000034e+02 7.199211761315039706e-23
1.556654000000000053e+02 6.959880830871789700e-23
1.578331000000000017e+02 6.725339955472344856e-23
1.600310000000000059e+02 6.495601707439654232e-23
1.622595000000000027e+02 6.270674468322350534e-23
1.645191000000000088e+02 6.050564524281908878e-23
1.668101000000000056e+02 5.835278161479805557e-23
1.691330000000000098e+02 5.624813284528879456e-23
1.714882000000000062e+02 5.419167798041974161e-23
1.738762000000000114e+02 5.218331225083296440e-23
1.762975000000000136e+02 5.022297279491374115e-23
1.787526000000000010e+02 4.831051293556097599e-23
1.812418000000000120e+02 4.644574408793043306e-23
1.837656000000000063e+02 4.462849862104944649e-23
1.863246000000000038e+02 4.285852508845902922e-23
1.889192999999999927e+02 4.113555108982859484e-23
1.915500999999999863e+02 3.945930422482757451e-23
1.942175000000000011e+02 3.782942827763906652e-23
1.969219999999999970e+02 3.624558798631774499e-23
1.996641999999999939e+02 3.470738522730353291e-23
2.024447000000000116e+02 3.321440092316478324e-23
2.052638000000000034e+02 3.176617408872667955e-23
2.081221999999999923e+02 3.036222278494280600e-23
2.110202999999999918e+02 2.900208602663835791e-23
2.139588999999999999e+02 2.768519805928059240e-23
2.169384000000000015e+02 2.641099312833678713e-23
2.199593000000000131e+02 2.517892643314578393e-23
2.230223000000000013e+02 2.398836935756010049e-23
2.261279999999999859e+02 2.283869328543226039e-23
2.292769000000000119e+02 2.172924864674319662e-23
2.324696999999999889e+02 2.065935863144079293e-23
2.357068999999999903e+02 1.962835062024724178e-23
2.389892999999999859e+02 1.863550379998009584e-23
2.423172999999999888e+02 1.768009316668259902e-23
2.456915999999999940e+02 1.676137695330072221e-23
2.491129999999999995e+02 1.587859662968316618e-23
2.525819999999999936e+02 1.503098109335569674e-23
2.560993000000000279e+02 1.421774666952111538e-23
2.596655999999999835e+02 1.343809920644643856e-23
2.632814999999999941e+02 1.269123198007573458e-23
2.669477999999999724e+02 1.197633617096590709e-23
2.706652000000000271e+02 1.129258829196376162e-23
2.744343000000000075e+02 1.063916276052893612e-23
2.782558999999999969e+02 1.001523189873391566e-23
2.821308000000000220e+02 9.419959647102548760e-24
2.860595999999999890e+02 8.852509946158686908e-24
2.900430000000000064e+02 8.312050927200497633e-24
2.940819999999999936e+02 7.797742339977514882e-24
2.981772000000000276e+02 7.308754411175062015e-24
3.023294999999999959e+02 6.844253176704150740e-24
3.065394999999999754e+02 6.403417244798736534e-24
3.108081999999999994e+02 5.985421032918461754e-24
3.151363000000000056e+02 5.589455721620235931e-24
3.195248000000000275e+02 5.214712491460964923e-24
3.239743000000000279e+02 4.860395095320506438e-24
3.284857000000000085e+02 4.525713572240194476e-24
3.330600000000000023e+02 4.209894724358625804e-24
3.376979999999999791e+02 3.912171639975874216e-24
3.424005999999999972e+02 3.631792075102121915e-24
3.471687000000000012e+02 3.368016358070497812e-24
3.520031000000000176e+02 3.120121580311399830e-24
3.569048999999999978e+02 2.887397405578174803e-24
3.618750000000000000e+02 2.669148165334276872e-24
3.669141999999999939e+02 2.464697049527585015e-24
3.720237000000000194e+02 2.273381915816085887e-24
3.772042000000000144e+02 2.094559061264758931e-24
3.824569999999999936e+02 1.927602174651998100e-24
3.877828000000000088e+02 1.771902336469609286e-24
3.931829000000000178e+02 1.626869904771255447e-24
3.986580999999999904e+02 1.491933257940161019e-24
4.042096000000000231e+02 1.366540051921406036e-24
4.098383999999999787e+02 1.250156382067063504e-24
4.155455000000000041e+02 1.142268040368493709e-24
4.213322000000000003e+02 1.042379467762765929e-24
4.271994000000000256e+02 9.500145922875212511e-25
4.331483000000000061e+02 8.647162004648255958e-25
4.391800999999999817e+02 7.860459373011686192e-25
4.452959000000000174e+02 7.135845158261804696e-25
4.514968000000000075e+02 6.469310884764844527e-25
4.577841000000000236e+02 5.857032470956961125e-25
4.641589000000000169e+02 5.295363943182766314e-25
4.706225000000000023e+02 4.780841626469638662e-25
4.771761000000000195e+02 4.310173667591938845e-25
4.838210000000000264e+02 3.880237939683844366e-25
4.905584000000000060e+02 3.488079946852193447e-25
4.973895999999999731e+02 3.130906538015013978e-25
5.043158999999999992e+02 2.806083811514360525e-25
5.113387999999999920e+02 2.511126638180525103e-25
5.184593999999999596e+02 2.243700756719195571e-25
5.256790999999999485e+02 2.001613554007958363e-25
5.329994000000000369e+02 1.782810083860697909e-25
5.404216000000000122e+02 1.585366990404839019e-25
5.479471999999999525e+02 1.407488107768312742e-25
5.555775999999999613e+02 1.247497964379366573e-25
5.633143000000000029e+02 1.103837801730963866e-25
5.711585999999999785e+02 9.750586596031609415e-26
5.791123000000000047e+02 8.598169757500751198e-26
5.871766000000000076e+02 7.568687188158419433e-26
5.953532999999999902e+02 6.650647784828663140e-26
6.036439000000000306e+02 5.833446793103476476e-26
6.120498000000000047e+02 5.107325994986800326e-26
6.205729000000000042e+02 4.463321324215555499e-26
6.292146000000000186e+02 3.893206290806375315e-26
6.379767000000000507e+02 3.389458454861071594e-26
6.468608000000000402e+02 2.945202851113361508e-26
6.558686000000000149e+02 2.554174271960018043e-26
6.650018000000000029e+02 2.210671168943390262e-26
6.742622000000000071e+02 1.909520659785857231e-26
6.836516000000000304e+02 1.646034525259506047e-26
6.931716999999999871e+02 1.415974844836736625e-26
7.028243999999999687e+02 1.215518794186001963e-26
7.126114999999999782e+02 1.041225118977275149e-26
7.225348999999999933e+02 8.900031231521086028e-27
7.325964999999999918e+02 7.590831239647015193e-27
7.427981999999999516e+02 6.459887928714105654e-27
7.531420000000000528e+02 5.485103345751246551e-27
7.636298000000000457e+02 4.646816473052392374e-27
7.742636999999999716e+02 3.927562258653365408e-27
7.850456000000000358e+02 3.311872554551819232e-27
7.959777000000000271e+02 2.786077054927201498e-27
8.070620000000000118e+02 2.338120997457986511e-27
8.183007000000000062e+02 1.957405494820215350e-27
8.296959000000000515e+02 1.634631218805486432e-27
8.412496999999999616e+02 1.361660733384659306e-27
8.529643999999999551e+02 1.131391933323494729e-27
8.648423000000000229e+02 9.376415406566545041e-28
8.768855999999999540e+02 7.750409639459360872e-28
8.890965999999999667e+02 6.389407486258545634e-28
9.014776000000000522e+02 5.253259233624494196e-28
9.140311000000000377e+02 4.307376325735649367e-28
9.267593000000000529e+02 3.522056649623536730e-28
9.396648000000000138e+02 2.871853823638130063e-28
9.527500000000000000e+02 2.335040778335330466e-28
9.660175000000000409e+02 1.893105187249256135e-28
9.794696999999999889e+02 1.530334161157475025e-28
9.931091999999999871e+02 1.233420943911394952e-28
1.006938999999999965e+03 9.911327935716796177e-29
1.020961000000000013e+03 7.940169995899422995e-29
1.035178000000000111e+03 6.341421024947011067e-29
1.049593000000000075e+03 5.048749446977371214e-29
1.064209000000000060e+03 4.006843327173658209e-29
1.079028999999999996e+03 3.169734062057751724e-29
1.094055000000000064e+03 2.499344276189574537e-29
1.109289999999999964e+03 1.964230799410847223e-29
1.124737000000000080e+03 1.538514971700791620e-29
1.140400000000000091e+03 1.200973873765588564e-29
1.156279999999999973e+03 9.342593762444913884e-30
1.172382000000000062e+03 7.242401881421293501e-30
1.188708000000000084e+03 5.594455315379868199e-30
1.205260999999999967e+03 4.305974511726766727e-30
1.222045000000000073e+03 3.302191865880612700e-30
1.239061999999999898e+03 2.523059868046871191e-30
1.256317000000000007e+03 1.920550358709557120e-30
1.273810999999999922e+03 1.456376004635335027e-30
1.291549999999999955e+03 1.100140281551481113e-30
1.309535000000000082e+03 8.278015553588723634e-31
1.327770999999999958e+03 6.204179452241819223e-31
1.346260999999999967e+03 4.631251937240764992e-31
1.365008000000000038e+03 3.443054267595293960e-31
1.384016000000000076e+03 2.549157915103120399e-31
1.403288999999999987e+03 1.879453111296981873e-31
1.422829999999999927e+03 1.379822082501530394e-31
1.442644000000000005e+03 1.008662173921616444e-31
1.462732999999999947e+03 7.341308346065940701e-32
1.483103000000000065e+03 5.319609667991104985e-32
1.503755000000000109e+03 3.837410321555969442e-32
1.524695999999999913e+03 2.755633174904700665e-32
1.545928000000000111e+03 1.969707303287701282e-32
1.567454999999999927e+03 1.401365805569280225e-32
1.589282999999999902e+03 9.922988765252566091e-33
1.611413999999999987e+03 6.992715547641876517e-33
1.633854000000000042e+03 4.903798944916905775e-33
1.656605999999999995e+03 3.421947432750043925e-33
