# E(Ryd) fnu(erg/s/Hz/cm^2)
0.000569756 1.9724239446613752e-29
0.000651149 2.579554867668515e-29
0.000759674 3.514147432526879e-29
0.000911609 5.062989583920187e-29
0.00113951 7.911520663233732e-29
0.00151935 1.4029734891649341e-28
0.00227902 3.1339170213412933e-28
0.00455805 1.214861739774576e-27
0.0090979 5.776579757306351e-27
0.00913436 5.840938034122974e-27
0.00917112 5.9195080235945186e-27
0.00920817 5.9889416432207525e-27
0.00924553 6.007986416890319e-27
0.00928319 6.0179149703687646e-27
0.00932116 6.0566483688539425e-27
0.00935944 6.066854004587858e-27
0.00939803 6.060241452460847e-27
0.00943695 6.130689728874812e-27
0.00947619 6.199355253231741e-27
0.00951575 6.2261510962987645e-27
0.00955565 6.284833240680066e-27
0.00959589 6.31591432737055e-27
0.00963646 6.305755410530206e-27
0.00967738 6.343323539210628e-27
0.00971865 6.403019036001795e-27
0.00976027 6.463801117921035e-27
0.00980225 6.543122885150517e-27
0.00984459 6.565544501299979e-27
0.0098873 6.55061698784531e-27
0.00993038 6.56844128157239e-27
0.00997384 6.617265010493024e-27
0.0100177 6.683902235790606e-27
0.0100619 6.745985754333603e-27
0.0101065 6.826142182730382e-27
0.0101516 6.856826205714908e-27
0.010197 6.915117795491572e-27
0.0102428 6.979149231873467e-27
0.010289 7.007739715591885e-27
0.0103357 7.049062363822401e-27
0.0103828 7.055919836338823e-27
0.0104303 7.077249470816483e-27
0.0104783 7.109409904616675e-27
0.0105267 7.160870126484969e-27
0.0105755 7.211271913916167e-27
0.0106248 7.260608207924168e-27
0.0106746 7.304208900949014e-27
0.0107248 7.339888252112564e-27
0.0107755 7.400631177119728e-27
0.0108267 7.463030359369445e-27
0.0108784 7.521008898457798e-27
0.0109306 7.560565436105772e-27
0.0109832 7.620360930937478e-27
0.0110364 7.67069222654906e-27
0.0110901 7.733390132643906e-27
0.0111444 7.836575160479394e-27
0.0111991 7.901342722084812e-27
0.0112544 7.977699723673856e-27
0.0113103 8.037561460440423e-27
0.0113667 8.12934264506474e-27
0.0114237 8.190964737805604e-27
0.0114812 8.26357779127303e-27
0.0115394 8.293591483388256e-27
0.0115981 8.348075133799664e-27
0.0116574 8.452311336740515e-27
0.0117173 8.553123078883945e-27
0.0117779 8.612235054136794e-27
0.0118391 8.662453346293219e-27
0.0119009 8.691492165145684e-27
0.0119634 8.823714988792175e-27
0.0120265 8.89664024041336e-27
0.0120903 9.05139030924058e-27
0.0121548 9.117457431893735e-27
0.01222 9.198382313624333e-27
0.0122858 9.229082679696264e-27
0.0123524 9.315577084416172e-27
0.0124197 9.415816179099528e-27
0.0124878 9.517913159710183e-27
0.0125566 9.616100757868973e-27
0.0126262 9.682640014158257e-27
0.0126965 9.73496982127186e-27
0.0127676 9.800651811440142e-27
0.0128396 9.895285448802722e-27
0.0129123 9.980635283256856e-27
0.0129859 1.0088430178560694e-26
0.0130603 1.016589304534675e-26
0.0131356 1.026528331400119e-26
0.0132117 1.0380680259925075e-26
0.0132888 1.056658790910566e-26
0.0133667 1.0661815507292172e-26
0.0134456 1.0742862642477845e-26
0.0135254 1.0892418388773067e-26
0.0136061 1.1002704390044357e-26
0.0136878 1.108442856554627e-26
0.0137705 1.1143161418682853e-26
0.0138542 1.1294973184542209e-26
0.013939 1.149080211934416e-26
0.0140248 1.1611813687335282e-26
0.0141116 1.1700593396181257e-26
0.0141995 1.185042715399461e-26
0.0142662 1.2031474514338228e-26
0.014311 1.2133568180720802e-26
0.0143561 1.2147733692396897e-26
0.0144014 1.2173813406438364e-26
0.0144471 1.2198841007586465e-26
0.014493 1.2286065938509209e-26
0.0145392 1.2396584649743759e-26
0.0145857 1.2504950199708153e-26
0.0146326 1.2549131588119268e-26
0.0146797 1.2612526515808965e-26
0.0147271 1.2682496552308057e-26
0.0147749 1.2811632049946595e-26
0.0148229 1.2902025894434135e-26
0.0148713 1.29704158540471e-26
0.01492 1.304107441876555e-26
0.014969 1.3153456909072506e-26
0.0150183 1.3236042048564048e-26
0.0150679 1.3246478360966313e-26
0.0151179 1.327141419742633e-26
0.0151682 1.3314397220641296e-26
0.0152189 1.3428582000965933e-26
0.0152698 1.3528965237929042e-26
0.0153212 1.3532789036568346e-26
0.0153728 1.3621840959697488e-26
0.0154249 1.3734831360425018e-26
0.0154772 1.3830577075830175e-26
0.01553 1.3924080795864625e-26
0.0155831 1.3989826683497748e-26
0.0156365 1.405370517944329e-26
0.0156903 1.4068962894450168e-26
0.0157445 1.4154469669859051e-26
0.0157991 1.407814043958311e-26
0.0158541 1.4192116082524912e-26
0.0159094 1.4299994984452387e-26
0.0159651 1.4367120486127887e-26
0.0160213 1.4401209922156557e-26
0.0160778 1.4543395539200532e-26
0.0161347 1.465529597450048e-26
0.016192 1.4622659896753128e-26
0.0162497 1.4807387233156747e-26
0.0163079 1.4798567219702483e-26
0.0163664 1.5003648648081383e-26
0.0164254 1.48698357622378e-26
0.0164848 1.5153927983079509e-26
0.0165446 1.5041278319099936e-26
0.0166049 1.513784772142135e-26
0.0166656 1.5164863379866495e-26
0.0167268 1.5285238285709198e-26
0.0167884 1.527694859137439e-26
0.0168504 1.5351758967401886e-26
0.016913 1.538397376519926e-26
0.016976 1.5457475255582327e-26
0.0170394 1.5507261461913302e-26
0.0171034 1.5627676831177287e-26
0.0171678 1.5690902115147378e-26
0.0172327 1.580851777159196e-26
0.0172981 1.5979256252135807e-26
0.017364 1.59257584193995e-26
0.0174304 1.593290653799615e-26
0.0174973 1.6068728517426908e-26
0.0175647 1.618384799532344e-26
0.0176327 1.6329956635372142e-26
0.0177012 1.627734393598008e-26
0.0177702 1.6397960183698405e-26
0.0178397 1.6415049622478452e-26
0.0179098 1.648559549278551e-26
0.0179805 1.647956522815305e-26
0.0180517 1.652102175627862e-26
0.0181234 1.6784071825819697e-26
0.0181958 1.6921024052935716e-26
0.0182687 1.6950714229500983e-26
0.0183422 1.696514995200404e-26
0.0184163 1.704299882512289e-26
0.0184911 1.7387313681921334e-26
0.0185664 1.7428934067188225e-26
0.0186423 1.7590476140272114e-26
0.0187189 1.7636438611903882e-26
0.0187961 1.7785164255960333e-26
0.0188739 1.8004239666063018e-26
0.0189524 1.7855444934737623e-26
0.0190315 1.8130266407106242e-26
0.0191113 1.8233775451355746e-26
0.0191918 1.8362508648594824e-26
0.0192729 1.8632591701941004e-26
0.0193548 1.824603871333767e-26
0.0194373 1.8358634166776273e-26
0.0195205 1.87392594613107e-26
0.0196045 1.881182393096521e-26
0.0196892 1.8865089245558532e-26
0.0197746 1.9005938930299348e-26
0.0198608 1.8787502271054746e-26
0.0199477 1.9131578780505186e-26
0.0200354 1.948956705537834e-26
0.0201238 1.9891560691590523e-26
0.0202131 2.0505304537225144e-26
0.0203031 2.0781451274558305e-26
0.0203939 2.0562659364164953e-26
0.0204856 2.0921409495885805e-26
0.0205781 2.1227336192329486e-26
0.0206714 2.128480256275904e-26
0.0207656 2.1626160169009138e-26
0.0208606 2.19383337058321e-26
0.0209565 2.2342937866789417e-26
0.0210533 2.3376724464250593e-26
0.021151 2.3319639603034057e-26
0.0212496 2.428047801569454e-26
0.0213492 2.5162136961930663e-26
0.0214496 2.515796167395133e-26
0.021551 2.526496008884788e-26
0.0216534 2.502661274084965e-26
0.0217568 2.5369373299275553e-26
0.0218611 2.5238946382294275e-26
0.0219665 2.5070840635020693e-26
0.0220729 2.5520502099703508e-26
0.0221803 2.5669958866736988e-26
0.0222887 2.5545523669169636e-26
0.0223983 2.5472827408329716e-26
0.0225089 2.546781002934445e-26
0.0226206 2.554573797504321e-26
0.0227334 2.558412430244868e-26
0.0228474 2.565190282427936e-26
0.0229625 2.588246621209703e-26
0.0230787 2.597151142151656e-26
0.0231962 2.6153571347806907e-26
0.0233148 2.624647949785846e-26
0.0234347 2.641405656714159e-26
0.0235558 2.6590036323558017e-26
0.0236782 2.686876940562502e-26
0.0238018 2.704367166493172e-26
0.0239268 2.7272457091936547e-26
0.024053 2.7522641349386133e-26
0.0241806 2.7778195828559616e-26
0.0243096 2.8008757298174544e-26
0.0244399 2.8718998293827094e-26
0.0245717 2.9042567873170056e-26
0.0247049 2.9702470859501423e-26
0.0248395 3.045786879885549e-26
0.0249756 3.0822478325970774e-26
0.0251132 3.130007095398648e-26
0.0252523 3.2317130397226426e-26
0.025393 3.2220992100315724e-26
0.0255353 3.293594878428816e-26
0.0256791 3.2567952243955755e-26
0.0258246 3.3702570980449573e-26
0.0259718 3.413576062501015e-26
0.0261206 3.3773817293146376e-26
0.0262712 3.4670994393039015e-26
0.0264235 3.49193704246991e-26
0.0265775 3.518016809794789e-26
0.0267334 3.4510874230368085e-26
0.0268911 3.4143982041983836e-26
0.0270507 3.385121581488696e-26
0.0272122 3.440737014147567e-26
0.0273757 3.389140844987921e-26
0.0275411 3.3800767295774175e-26
0.0277085 3.394720800868843e-26
0.027878 3.4139669922208564e-26
0.0280495 3.4331166873180114e-26
0.0282232 3.4399121976230334e-26
0.028399 3.462230987448575e-26
0.0285324 3.4843411274344807e-26
0.028622 3.48418480456728e-26
0.0287121 3.489196943129211e-26
0.0288028 3.4928724540394894e-26
0.0288941 3.511144672618366e-26
0.028986 3.5279223315194174e-26
0.0290784 3.537991124267863e-26
0.0291715 3.5529211036787303e-26
0.0292651 3.558137919802109e-26
0.0293594 3.5846452438626167e-26
0.0294543 3.5799674347186377e-26
0.0295497 3.5913544243873406e-26
0.0296458 3.614461643496973e-26
0.0297426 3.616018992344715e-26
0.0298399 3.62428883328109e-26
0.0299379 3.63221962122525e-26
0.0300366 3.6250892380114987e-26
0.0301358 3.651947987471941e-26
0.0302358 3.671435022499693e-26
0.0303364 3.685612991836958e-26
0.0304377 3.6936247758921095e-26
0.0305397 3.70888112151536e-26
0.0306423 3.75103861154393e-26
0.0307457 3.77739083559149e-26
0.0308497 3.808717124540622e-26
0.0309545 3.860620184826426e-26
0.0310599 3.926245619983716e-26
0.0311661 3.9387416105780946e-26
0.031273 4.0730390397639115e-26
0.0313807 4.191730762658669e-26
0.0314891 4.0789666192734906e-26
0.0315982 4.195413576060237e-26
0.0317081 4.2535829544757206e-26
0.0318188 4.347380417955002e-26
0.0319303 4.2988439713329455e-26
0.0320425 4.095408763200728e-26
0.0321555 4.33475411212567e-26
0.0322694 4.469218915157847e-26
0.032384 4.4376344281264554e-26
0.0324994 4.4933628642404875e-26
0.0326157 4.5779321074000883e-26
0.0327328 4.54027335962489e-26
0.0328508 4.4683364086856965e-26
0.0329696 4.4255987529079505e-26
0.0330893 4.490706454487141e-26
0.0332098 4.615550005449284e-26
0.0333312 4.471976637986283e-26
0.0334536 4.529545658904506e-26
0.0335768 4.356538301509789e-26
0.0337009 4.393902975483015e-26
0.0338259 4.3699897302432595e-26
0.0339519 4.303815923547326e-26
0.0340789 4.410601902817985e-26
0.0342067 4.453373231046454e-26
0.0343356 4.3884646762107896e-26
0.0344654 4.3107361703143133e-26
0.0345962 4.389929956655016e-26
0.034728 4.29278788822434e-26
0.0348608 4.2594145039602766e-26
0.0349946 4.3071713343741973e-26
0.0351295 4.2117330562501445e-26
0.0352654 4.1593963329499685e-26
0.0354023 4.217722953371467e-26
0.0355403 4.131040764595134e-26
0.0356794 4.0717615460402756e-26
0.0358196 4.0164830083955323e-26
0.0359609 4.007580440290543e-26
0.0361033 3.96651279047354e-26
0.0362469 3.831351978231292e-26
0.0363916 3.964778359542202e-26
0.0365374 3.8681752767775607e-26
0.0366845 3.9214634819236635e-26
0.0368327 4.357362385387439e-26
0.0369821 4.47957083463175e-26
0.0371328 4.4522910876234065e-26
0.0372846 4.5008226108584135e-26
0.0374378 4.641001777172326e-26
0.0375921 4.7245367627091255e-26
0.0377478 4.584343819969648e-26
0.0379048 5.079013610267813e-26
0.038063 5.236138302200678e-26
0.0382226 4.760300486020501e-26
0.0383835 5.272879594915341e-26
0.0385458 5.316785604008758e-26
0.0387095 4.956312537252195e-26
0.0388746 5.39425521913865e-26
0.0390411 5.693476480881294e-26
0.039209 5.117143311451616e-26
0.0393784 5.91675722281383e-26
0.0395492 5.775160184969416e-26
0.0397215 5.301946296976073e-26
0.0398954 6.042605443121403e-26
0.0400707 6.12771932265263e-26
0.0402477 6.079434776013814e-26
0.0404261 6.128831773679077e-26
0.0406062 6.284063370007551e-26
0.0407879 6.228205306014549e-26
0.0409712 6.24118101513842e-26
0.0411562 6.21134861982449e-26
0.0413428 6.16575342007869e-26
0.0415312 6.315331673286146e-26
0.0417212 6.400376577443595e-26
0.0419131 6.412503828194073e-26
0.0421067 6.498529599997868e-26
0.0423021 6.606901288211051e-26
0.0424993 6.584951933577901e-26
0.0426983 6.70828400471549e-26
0.0428993 6.74183326419392e-26
0.0431021 6.692830936743853e-26
0.0433069 6.804405464068743e-26
0.0435136 6.739909093705027e-26
0.0437223 6.976845310524078e-26
0.043933 6.749488758073836e-26
0.0441457 6.789107930369844e-26
0.0443605 6.87202440208755e-26
0.0445775 6.925635691188002e-26
0.0447965 6.977224555192184e-26
0.0450177 7.083617031154316e-26
0.0452412 7.308054105665305e-26
0.0454668 7.180005413748158e-26
0.0456947 7.197632125132617e-26
0.0459249 7.033278861982889e-26
0.0461574 7.191215550451929e-26
0.0463923 7.29139843113811e-26
0.0466296 7.335491864624935e-26
0.0468694 7.167917059886713e-26
0.0471116 7.521341307008831e-26
0.0473563 7.546475357752708e-26
0.0476036 7.468274068162501e-26
0.0478535 7.719203680587827e-26
0.048106 7.393457047693827e-26
0.0483612 7.542825257700485e-26
0.0486192 7.477993521556499e-26
0.0488799 7.624545623438611e-26
0.0491434 7.818024584040222e-26
0.0494097 7.810139198889416e-26
0.049679 7.653938990098816e-26
0.0499512 7.737563651614038e-26
0.0502264 7.933844813370282e-26
0.0505047 7.933459707527115e-26
0.050786 7.883567547136075e-26
0.0510705 8.288314534272932e-26
0.0513583 8.121842935889585e-26
0.0516493 8.246373750535531e-26
0.0519435 8.396084199882302e-26
0.0522412 8.326634816892162e-26
0.0525423 8.31167158330534e-26
0.0528469 8.36200325190079e-26
0.0531551 8.512948730757882e-26
0.0534668 8.466626505529259e-26
0.0537823 8.532933819136384e-26
0.0541014 8.38716215935526e-26
0.0544244 8.625761457955971e-26
0.0547513 8.360589776251585e-26
0.0550821 8.450191823943542e-26
0.055417 8.39452280948794e-26
0.0557559 8.503581001150915e-26
0.056099 8.143803027129776e-26
0.0564464 8.327389256689243e-26
0.0567981 8.158698457577833e-26
0.0570647 8.101664235581731e-26
0.0572439 8.129404198059554e-26
0.0574242 7.895812048029464e-26
0.0576056 7.856828013976357e-26
0.0577882 7.76217557156643e-26
0.057972 8.211089023763449e-26
0.0581569 8.054218989230271e-26
0.058343 8.010723548789405e-26
0.0585303 7.86388807907441e-26
0.0587188 7.995844542952371e-26
0.0589085 8.043953061187016e-26
0.0590995 8.027554439148772e-26
0.0592917 7.930251779849783e-26
0.0594851 7.961348570493178e-26
0.0596798 8.008942324367724e-26
0.0598758 7.838025610818636e-26
0.0600731 7.870065790890112e-26
0.0602717 7.701270822712857e-26
0.0604716 7.672233609023106e-26
0.0606728 7.558874686913658e-26
0.0608754 7.675933475779929e-26
0.0610793 7.71021881892082e-26
0.0612847 7.52424202252746e-26
0.0614914 7.508875879778224e-26
0.0616994 7.379214951773061e-26
0.061909 7.306249116842925e-26
0.0621199 7.343924470392735e-26
0.0623536 7.359591459531726e-26
0.0625676 7.4473357481109e-26
0.0627614 7.291237322088642e-26
0.0629782 7.377329598248092e-26
0.0631965 7.257710694738457e-26
0.0634163 7.410077988098362e-26
0.0636376 7.303948991936472e-26
0.0638605 7.222648539428864e-26
0.064085 7.195860911331521e-26
0.0643111 7.175341350391782e-26
0.0645387 7.090792141794203e-26
0.064768 7.186349949259016e-26
0.0649989 7.202460720997536e-26
0.0652314 7.169929128020231e-26
0.0654657 7.238566165467865e-26
0.0657016 7.381576858792991e-26
0.0659392 7.40587125624692e-26
0.0661785 7.366554220864846e-26
0.0664196 7.283061682224252e-26
0.0666625 7.301837077353716e-26
0.0669071 7.18127652944766e-26
0.0671535 7.18561740228287e-26
0.0674018 7.308226377589098e-26
0.0676519 7.275576242346199e-26
0.0679039 7.265858460719179e-26
0.0681577 7.127956653974951e-26
0.0684135 7.169370824454032e-26
0.0686711 7.111911900380975e-26
0.0689308 7.179589989644904e-26
0.0691924 7.130953978975682e-26
0.0694559 7.120990514207241e-26
0.0697216 7.181613333879987e-26
0.0699892 7.15571866246351e-26
0.0702589 7.11882636190176e-26
0.0705307 7.08364920767331e-26
0.0708046 7.004218256876307e-26
0.0710806 6.860528493137032e-26
0.0713588 7.057580878964396e-26
0.0716392 7.061113795477968e-26
0.0719218 6.944098712328454e-26
0.0722067 7.042292749787298e-26
0.0724938 6.952919714189965e-26
0.0727832 6.937860597107499e-26
0.0730749 6.920723473672081e-26
0.073369 6.92622976124292e-26
0.0736654 6.979939671274187e-26
0.0739642 6.91717482523181e-26
0.0742655 6.947873462257097e-26
0.0745693 6.963056070301834e-26
0.0748755 6.929909733306671e-26
0.0751843 6.876240831519548e-26
0.0754956 6.777693784811416e-26
0.0758095 6.868071499078775e-26
0.076126 6.659785991416805e-26
0.0764452 6.820995953004671e-26
0.0767671 6.742878118554815e-26
0.0770917 6.771152966540301e-26
0.077419 6.78936802667357e-26
0.0777492 6.809478071308103e-26
0.0780822 6.76750355251198e-26
0.078418 6.762947481306088e-26
0.0787567 6.794847399462116e-26
0.0790984 6.811291865213928e-26
0.0794431 6.718642512682996e-26
0.0797907 6.582322503879024e-26
0.0801415 6.610325479927251e-26
0.0804953 6.641181109858615e-26
0.0808523 6.628729856014972e-26
0.0812124 6.665403967674676e-26
0.0815758 6.610148665592792e-26
0.0819424 6.572232670844198e-26
0.0823124 6.492375546016043e-26
0.0826857 6.541398061217938e-26
0.0830624 6.514290293074631e-26
0.0834425 6.555552639138371e-26
0.0838261 6.572564360069202e-26
0.0842133 6.607171428437493e-26
0.0846041 6.686085123875002e-26
0.0849985 6.657273632029333e-26
0.0853967 6.581987564366033e-26
0.0857985 6.633559710700441e-26
0.0862042 6.616559359117143e-26
0.0866137 6.621427870916306e-26
0.0870271 6.603099696764797e-26
0.0874445 6.614336581740207e-26
0.087866 6.584307524021723e-26
0.0882915 6.593705225546617e-26
0.0887211 6.590752938347882e-26
0.0891549 6.518966285254341e-26
0.0895931 6.449850529673229e-26
0.0900355 6.495864723510727e-26
0.0904823 6.387516206920315e-26
0.0909336 6.433516187408292e-26
0.0912522 6.453548111104615e-26
0.0914352 6.441504633596437e-26
0.091619 6.420962196490435e-26
0.0918036 6.394124424708367e-26
0.0919888 6.316064943584578e-26
0.0921749 6.326036948617916e-26
0.0923616 6.313973061432509e-26
0.0925492 6.361820036186024e-26
0.0927375 6.339100692591192e-26
0.0929265 6.348200972517487e-26
0.0931164 6.17219987396417e-26
0.093307 6.243642311169516e-26
0.0934984 6.168466478088996e-26
0.0936906 6.203719843311833e-26
0.0938836 6.231494631559781e-26
0.0940773 6.26888976286279e-26
0.0942719 6.176273560072333e-26
0.0944673 6.147774665206742e-26
0.0946635 6.227074439176061e-26
0.0948605 6.18647347956206e-26
0.0950583 6.232295584576473e-26
0.095257 6.126296440350288e-26
0.0954565 5.978255522209082e-26
0.0956568 6.135197623619461e-26
0.095858 6.078632228757507e-26
0.09606 6.143307518416781e-26
0.0962629 6.121263792471152e-26
0.0964666 5.948878779972679e-26
0.0966712 6.070609864748536e-26
0.0968767 5.897680856345019e-26
0.097083 6.020158311678401e-26
0.0972902 5.923433249335407e-26
0.0974983 5.964319432909872e-26
0.0977073 5.970371100422321e-26
0.0979172 5.937412651652645e-26
0.098128 5.918368230719249e-26
0.0983397 5.916722662128669e-26
0.0985524 5.810068277960465e-26
0.0987659 5.755010990083233e-26
0.0989804 5.85845752223655e-26
0.0991958 6.063446829994191e-26
0.0994121 6.00930468041484e-26
0.0996294 6.010778703068088e-26
0.0998477 6.02183972721565e-26
0.100067 5.898199729122419e-26
0.100287 5.811573108015498e-26
0.100508 5.935061811064062e-26
0.10073 5.933354845066224e-26
0.100953 5.762043492206312e-26
0.101178 5.533246787234998e-26
0.101403 5.710247276879185e-26
0.101629 5.697730124778671e-26
0.101856 5.668082377792504e-26
0.102084 5.611335276912666e-26
0.102313 5.680982200684368e-26
0.102543 5.593182699836125e-26
0.102774 5.488393535523724e-26
0.103007 5.665658302354377e-26
0.10324 5.680793340835904e-26
0.103474 5.573202547632691e-26
0.10371 5.719190104329997e-26
0.103946 5.628442550715585e-26
0.104184 5.450226763473332e-26
0.104423 5.547978587529059e-26
0.104662 5.539565065747255e-26
0.104903 5.348375532341942e-26
0.105145 4.9945533476659474e-26
0.105388 5.440384438536706e-26
0.105633 5.420811412078308e-26
0.105878 5.285114787197068e-26
0.106124 5.22520479164639e-26
0.106372 5.297171055920564e-26
0.106621 4.8214172309118374e-26
0.106871 5.150914229381311e-26
0.107122 4.9330769498833965e-26
0.107374 5.115008960823562e-26
0.107628 5.051947846235576e-26
0.107883 5.045618952602451e-26
0.108139 5.0800759663638546e-26
0.108396 5.212021271896585e-26
0.108654 5.051484645030236e-26
0.108914 5.1528544392421715e-26
0.109175 5.105968195268833e-26
0.109437 5.0778404832914714e-26
0.1097 5.074827725283973e-26
0.109965 5.217410109778144e-26
0.110231 5.229436911710442e-26
0.110498 5.172985190608942e-26
0.110767 5.1428817958735865e-26
0.111036 5.1107333465778907e-26
0.111308 5.1137411726729946e-26
0.11158 5.25168882233154e-26
0.111854 5.210435674849222e-26
0.112129 5.139814449012913e-26
0.112406 5.0052150872550376e-26
0.112683 4.95963510525103e-26
0.112963 5.006626697984905e-26
0.113243 4.9417878367833825e-26
0.113525 4.9454361230683395e-26
0.113809 4.92219946896568e-26
0.114094 4.852748523705968e-26
0.11438 4.816977144634295e-26
0.114668 4.6769849561988145e-26
0.114957 4.688330064041873e-26
0.115248 4.643374723449068e-26
0.11554 4.726730906913806e-26
0.115833 4.7668221894012444e-26
0.116129 4.7163575062333053e-26
0.116425 4.742663633204684e-26
0.116723 4.7353668261877666e-26
0.117023 4.721492099128767e-26
0.117324 4.6779781152620926e-26
0.117627 4.598241028364843e-26
0.117931 4.615928691707259e-26
0.118237 4.576236881335895e-26
0.118545 4.647055040522894e-26
0.118854 4.509441857220664e-26
0.119165 4.666815364560185e-26
0.119477 4.740468652983305e-26
0.119791 4.775513118467317e-26
0.120107 4.820430728012089e-26
0.120424 4.9104786214372006e-26
0.120743 4.9307326215931376e-26
0.121064 4.879870153261875e-26
0.121386 4.8016919939997944e-26
0.12171 4.73071521436497e-26
0.122036 4.735812052767699e-26
0.122364 4.6483822886959494e-26
0.122693 4.634047450869368e-26
0.123024 4.510830052023331e-26
0.123357 4.48127509916072e-26
0.123692 4.5815021890918834e-26
0.124028 4.443257226532898e-26
0.124367 4.386472541667234e-26
0.124707 4.364276458205752e-26
0.125049 4.2214966458908493e-26
0.125393 4.264263876625116e-26
0.125739 4.2335520556857806e-26
0.126087 4.1924009629836136e-26
0.126437 4.0988833626209515e-26
0.126788 3.970951312350175e-26
0.127142 4.025589275778567e-26
0.127498 3.972109253554768e-26
0.127855 3.9602120432687227e-26
0.128215 4.020988543217969e-26
0.128577 4.070717070258008e-26
0.12894 4.1441973442530254e-26
0.129306 4.2351912132165124e-26
0.129674 4.2506955547475774e-26
0.130044 4.166845496949905e-26
0.130416 4.2305781753852896e-26
0.13079 4.214169160417998e-26
0.131167 4.1539871370760883e-26
0.131545 4.149561568396337e-26
0.131926 4.155666179370271e-26
0.132309 4.144798309713987e-26
0.132694 4.073995045371318e-26
0.133082 3.985304117342485e-26
0.133471 4.0609936174112823e-26
0.133863 4.001167447320648e-26
0.134258 3.9673825888524904e-26
0.134654 3.988003492173196e-26
0.135053 3.9343717049450557e-26
0.135455 3.981078894282977e-26
0.135858 3.868208168093496e-26
0.136264 3.9892225302666166e-26
0.136673 3.8928684089051736e-26
0.137084 3.956270653472685e-26
0.137498 3.9573363610951934e-26
0.137914 3.9837832234051163e-26
0.138332 3.9009365508227014e-26
0.138753 3.531838613639998e-26
0.139177 3.807547412498006e-26
0.139603 3.9120200669631404e-26
0.140032 3.901642332210101e-26
0.140464 3.768183968598222e-26
0.140898 3.8181553198583387e-26
0.141335 3.8096602328987254e-26
0.141774 3.797967247265146e-26
0.142217 3.744164911565102e-26
0.142662 3.796550276224269e-26
0.14311 3.705797551987786e-26
0.143561 3.695884594563343e-26
0.144014 3.6653810691289705e-26
0.144471 3.587095717500382e-26
0.14493 3.654198129343148e-26
0.145392 3.5706688398028415e-26
0.145857 3.379333745713409e-26
0.146326 3.4760349988976374e-26
0.146797 3.5634805284646316e-26
0.147271 3.569963533703456e-26
0.147749 3.3777596088617905e-26
0.148229 3.5014026537003845e-26
0.148713 3.4270089187692215e-26
0.1492 3.5928597643646025e-26
0.14969 3.5555438207336613e-26
0.150183 3.65355595555884e-26
0.150679 3.6353703864607195e-26
0.151179 3.553251625997064e-26
0.151682 3.4504266171098163e-26
0.152189 3.471471981400049e-26
0.152698 3.5026422634526006e-26
0.153212 3.436581414388098e-26
0.153728 3.4131424335880257e-26
0.154249 3.3860639806446173e-26
0.154772 3.1280543340978115e-26
0.1553 3.3995026373447974e-26
0.155831 3.3745533446925097e-26
0.156365 3.4645280938498726e-26
0.156903 3.364536178772498e-26
0.157445 3.22458968299212e-26
0.157991 3.31907771704385e-26
0.158541 3.254885014160009e-26
0.159094 3.369088615250601e-26
0.159651 3.1096911330313075e-26
0.160213 3.1707503398327444e-26
0.160778 3.0566825677443365e-26
0.161347 3.0997924076055795e-26
0.16192 3.052552032500762e-26
0.162497 3.0654477760147834e-26
0.163079 2.9433963918755684e-26
0.163664 3.013293384279721e-26
0.164254 3.0488087099263725e-26
0.164848 2.9809242851877046e-26
0.165446 2.8888701680198605e-26
0.166049 2.8875291961718205e-26
0.166656 2.8598330457111567e-26
0.167268 2.9244215473528115e-26
0.167884 2.8329281879850165e-26
0.168504 2.7696793911119206e-26
0.16913 2.8003228558306964e-26
0.16976 2.8478016539459535e-26
0.170394 2.832728898441952e-26
0.171034 2.592402105877007e-26
0.171678 2.8797703154265125e-26
0.172327 2.721832516531217e-26
0.172981 2.393484817762961e-26
0.17364 2.6564470517345824e-26
0.174304 2.5420943636638202e-26
0.174973 2.4110324427138295e-26
0.175647 2.2521899853016616e-26
0.176327 2.1833092204801583e-26
0.177012 2.338578637372794e-26
0.177702 2.4107553572613558e-26
0.178397 2.4690750178038867e-26
0.179098 2.3920817174592814e-26
0.179805 2.4987798206650947e-26
0.180517 2.3679497049260672e-26
0.181234 2.3457257009579334e-26
0.181958 2.1979142371636548e-26
0.182687 2.2862766719063943e-26
0.183422 2.4382961055921391e-26
0.184163 2.468323393502171e-26
0.184911 2.3445547958997746e-26
0.185664 2.3633367406259505e-26
0.186423 2.339790698536558e-26
0.187189 2.01158519507227e-26
0.187961 2.2302270103633415e-26
0.188739 2.3841571167846493e-26
0.189524 2.3104580845543525e-26
0.190315 2.3106003715057856e-26
0.191113 2.307833440771329e-26
0.191918 2.3022262709217682e-26
0.192729 2.227804694343401e-26
0.193548 2.1149139975319872e-26
0.194373 2.1642654400133474e-26
0.195205 2.1937228085738765e-26
0.196045 2.1005461410421224e-26
0.196892 2.051675545100039e-26
0.197746 2.0899285563489323e-26
0.198608 2.025359201567697e-26
0.199477 2.1205872803705614e-26
0.200354 1.9608701832488422e-26
0.201238 1.884187411155936e-26
0.202131 2.0977836925080857e-26
0.203031 1.8598679177489026e-26
0.203939 1.8248109221382793e-26
0.204856 1.7169314873767095e-26
0.205781 1.6954681232632034e-26
0.206714 1.6055829158100708e-26
0.207656 1.5282075766153563e-26
0.208606 1.6559575265710184e-26
0.209565 1.4409985017696497e-26
0.210533 1.4869195167773754e-26
0.21151 1.1582615561744674e-26
0.212496 1.295024203050332e-26
0.213492 1.3562294671372668e-26
0.214496 1.4093848154297753e-26
0.21551 1.33742211368437e-26
0.216534 1.3580478913713885e-26
0.217568 1.3210408913435446e-26
0.218611 1.3190221758382572e-26
0.219665 1.3075012348747252e-26
0.220729 1.2892943119173575e-26
0.221803 1.2240934101950316e-26
0.222887 1.3115032633222682e-26
0.223983 1.1604876464473984e-26
0.225089 1.1929842378193265e-26
0.226206 1.2215570367740853e-26
0.227334 1.2019226246307774e-26
0.228474 1.0908844917997108e-26
0.229625 5.399878577020893e-27
0.230787 7.74323487131899e-27
0.231962 4.699084090496458e-27
0.233148 8.962252248151418e-27
0.234347 7.517846869109528e-27
0.235558 7.509371002541444e-27
0.236782 7.25188244216487e-27
0.238018 5.418113641078227e-27
0.239268 7.726938353614467e-27
0.24053 7.462340187889731e-27
0.241806 6.983929169328702e-27
0.243096 5.9419327280504055e-27
0.244399 5.2441454292858265e-27
0.245717 6.464171546316185e-27
0.247049 5.8940613889249996e-27
0.248395 6.322663150752046e-27
0.249756 6.180112766142367e-27
0.250442 5.47419888421657e-27
0.251132 5.331824558649019e-27
0.252523 5.077414212817353e-27
0.25393 4.389526460043012e-27
0.255353 4.357052523711193e-27
0.256791 5.5197642772230175e-27
0.258246 4.824327831835039e-27
0.259718 5.163690251467881e-27
0.261206 4.881757372771851e-27
0.262712 4.496194091532521e-27
0.264235 4.3861671968256245e-27
0.265775 4.131099568166012e-27
0.267334 3.995082891156435e-27
0.268911 3.894471409379793e-27
0.270507 3.530353826672337e-27
0.272122 4.159500637888509e-27
0.273757 4.1938845393522084e-27
0.275411 4.1016267879120784e-27
0.277085 4.106424074445491e-27
0.27878 4.15236839774793e-27
0.280495 3.6222195081276594e-27
0.282232 2.7783906211570655e-27
0.28399 3.2371255791304774e-27
0.285771 2.8618229348918292e-27
0.287574 3.2137088100525472e-27
0.2894 2.9892959901496236e-27
0.291249 2.9723376711840186e-27
0.293122 3.04991507598744e-27
0.295019 2.844959769439158e-27
0.296941 2.753010006763425e-27
0.298888 2.6092011852415685e-27
0.300861 2.4782347950510528e-27
0.30286 2.418592628558926e-27
0.304886 2.2627052999497272e-27
0.306939 2.2099758672638286e-27
0.30902 2.0022517309603716e-27
0.311129 2.0666811347348528e-27
0.313268 2.303874385393661e-27
0.314891 1.7505527860249706e-27
0.315982 1.5752757951549647e-27
0.317081 1.735257490229275e-27
0.318188 1.4922798778734878e-27
0.319303 7.121887597688184e-28
0.320425 1.142022157219411e-27
0.321555 1.3241513253005897e-27
0.322694 1.3292843319489467e-27
0.32384 8.613486425668856e-28
0.324994 2.6940053895884838e-28
0.326157 2.1162217525024593e-28
0.327328 5.528008051915396e-28
0.328508 9.461876729503413e-28
0.329696 8.456869487331468e-28
0.330893 6.447302080100323e-28
0.332098 4.682197648186286e-28
0.333312 9.350496606698589e-28
0.334536 7.794553588436302e-28
0.335768 8.538689386478796e-28
0.337009 1.1360987817708524e-27
0.338259 9.342149494161554e-28
0.339519 1.1892729470994757e-27
0.340789 1.0729109400527151e-27
0.342067 9.14288725884452e-28
0.343356 1.3897055205391923e-27
0.344654 1.080293447040028e-27
0.345962 7.62114925898309e-28
0.34728 4.561546076231543e-28
0.348608 3.08616260466583e-28
0.349946 3.4820399555090257e-28
0.351295 4.066055460336226e-28
0.352654 4.602324687528787e-28
0.354023 5.187891091246994e-28
0.355403 4.086869758456388e-28
0.356794 5.471451317206009e-28
0.358196 3.183368213562501e-28
0.359609 2.8652967467832586e-28
0.361033 1.7468147283842878e-28
0.362037 1.460794565973655e-28
0.362757 1.9610854978839222e-28
0.363916 5.176479892261121e-28
0.365374 3.1689715824329293e-28
0.366845 2.7652273118045374e-28
0.368327 3.9617726317477717e-28
0.369821 4.4588500675447e-28
0.371328 5.048970028823948e-28
0.372846 4.715511530866805e-28
0.374378 3.9225784932179453e-28
0.375921 3.8603457299758863e-28
0.377478 2.0715317179987578e-28
0.379048 1.5797951314461653e-28
0.38063 1.5850229532578046e-28
0.382226 1.1626456554421652e-28
0.383835 2.2649578560922254e-28
0.385458 1.5872870026317626e-28
0.387095 3.079225890661093e-28
0.388746 1.3982284576713544e-28
0.390411 2.2038326657804624e-28
0.39209 2.5329369740462412e-28
0.393784 3.4855182751769116e-28
0.395492 4.110555190478232e-28
0.397215 3.3638115771519804e-28
0.398954 3.9944626589473813e-28
0.400707 3.074890659206878e-28
0.402477 2.6510053263391174e-28
0.404261 2.715435545349767e-28
0.406062 3.629717970471029e-28
0.407879 3.833274052018014e-28
0.409712 2.8140709665890385e-28
0.411562 2.4981333085455736e-28
0.413428 3.289610795300806e-28
0.415312 3.4400587163428603e-28
0.417212 3.362995960008121e-28
0.419131 2.7364049354903647e-28
0.421067 2.6218894596763113e-28
0.423021 3.04412358230608e-28
0.424993 2.955628462815159e-28
0.426983 2.2437048383621184e-28
0.428993 2.4763364723441767e-28
0.431021 2.7762854256122643e-28
0.433069 2.483301064228836e-28
0.435136 2.6973668107839615e-28
0.437223 2.9269394868453596e-28
0.438696 2.4103415318735264e-28
0.439542 1.3362203042486206e-28
0.441457 1.119248516231655e-28
0.443605 1.1804400790226354e-28
0.445775 1.2572212538507945e-28
0.447965 1.1068234778255534e-28
0.450177 8.106174949285167e-29
0.452412 9.674842498678286e-29
0.454668 9.313443776544447e-29
0.456947 1.0132671271032307e-28
0.45948 9.702440137705543e-29
0.461341 8.047340057353455e-29
0.463452 9.033854695435912e-29
0.466296 7.372148958895687e-29
0.468694 7.067130824511479e-29
0.471116 3.147787754082047e-29
0.473563 5.157350506135549e-29
0.476036 6.15907898033705e-29
0.478535 5.812606779520793e-29
0.48106 6.004313720409738e-29
0.483612 5.0323367306646304e-29
0.486192 4.904155069998727e-29
0.488799 5.0187820972950304e-29
0.491434 4.0226890097055e-29
0.494097 2.9829406387611613e-29
0.49679 3.6672881612194047e-29
0.499512 3.776498956567584e-29
0.502264 3.545656310399993e-29
0.505047 3.6525162417148906e-29
0.50786 4.110030641952039e-29
0.510705 3.135704981943259e-29
0.513583 2.915671106046513e-29
0.516493 2.590768616085011e-29
0.519435 3.0065727627412783e-29
0.522412 2.4885831247397606e-29
0.525423 2.5002397410147316e-29
0.528469 2.1800797033261817e-29
0.531551 2.0878044248139894e-29
0.534668 1.9077016473124476e-29
0.537823 1.8783446397496835e-29
0.541014 1.9515582946551745e-29
0.543595 1.93756359282547e-29
0.545221 1.5747879687553042e-29
0.547513 1.6987074091551786e-29
0.550821 1.611520933016791e-29
0.55417 1.660161193473141e-29
0.557559 1.6414617664533185e-29
0.56099 1.571069549943575e-29
0.564464 1.5893190481117023e-29
0.567981 1.5990719554303793e-29
0.571542 1.6220411336549194e-29
0.575148 1.5985524251610522e-29
0.5788 1.562586540305485e-29
0.582498 1.4754685844941507e-29
0.586244 1.366481311322501e-29
0.590038 1.3642274001700825e-29
0.593882 1.4382760403795288e-29
0.597777 1.5965469858019175e-29
0.600929 1.6033821916176353e-29
0.602916 1.5572643879964573e-29
0.60572 1.6527076438550232e-29
0.609772 1.7094114417345612e-29
0.613878 1.713647812004236e-29
0.61804 1.6950512280050108e-29
0.622259 1.674661273630876e-29
0.626536 1.7405375317877998e-29
0.63 1.7790199971898198e-29
0.632184 1.775390396650098e-29
0.635268 1.7472215552093942e-29
0.639726 1.69374394674132e-29
0.644247 1.7208350965711422e-29
0.648832 1.438058784448956e-29
0.653483 1.4595504095810175e-29
0.658202 1.7790586794778486e-29
0.662989 1.7867059524490596e-29
0.667846 1.7786822222534666e-29
0.672774 1.8757877045667868e-29
0.677776 1.9046865576229422e-29
0.682853 1.7761884148171446e-29
0.688007 1.8684815331204222e-29
0.693239 1.925705184298217e-29
0.698551 1.7395429016954776e-29
0.703945 1.7224551535662676e-29
0.709424 1.92330615206262e-29
0.714988 1.891756015463898e-29
0.72064 1.7445309881262972e-29
0.726382 1.7808385069090807e-29
0.732216 1.810385313467001e-29
0.738145 1.7700429248113345e-29
0.744171 1.5572737983521932e-29
0.750296 1.0606285360058768e-29
0.756522 1.4139935121393374e-29
0.762853 1.5735429251531748e-29
0.769291 1.735866529280482e-29
0.775838 1.3875718485827358e-29
0.782497 1.7891360122575014e-29
0.789272 1.8097335456752822e-29
0.796165 1.7994875234699105e-29
0.80318 1.857429578433373e-29
0.810319 1.6468083097402346e-29
0.817587 1.8031406637821266e-29
0.824986 1.8294954793600902e-29
0.83252 1.891088951183467e-29
0.840193 1.575690416466915e-29
0.848009 1.848497017287893e-29
0.855971 1.7248282568079106e-29
0.864085 1.9345554337867675e-29
0.872353 1.9748564089080483e-29
0.880782 1.6027638478152356e-29
0.889375 1.192392791972331e-29
0.898137 1.7148854577299728e-29
0.907074 1.6909482322917082e-29
0.91619 1.481276002638312e-29
0.925492 1.5260923733805574e-29
0.934984 1.047491113260113e-29
0.944673 1.724753052831943e-29
0.954565 1.62601858838387e-29
0.964666 1.4722348135275455e-29
0.974983 1.2232344490989642e-29
0.985524 8.998657084357986e-30
0.996294 5.872487074898938e-30
1.0073 6.009290683650263e-30
1.01856 6.073556659113206e-30
1.03007 6.0829872875012805e-30
1.04184 6.1062118966777845e-30
1.05388 6.097408735378894e-30
1.06621 6.059292971671358e-30
1.07883 6.1192723205041506e-30
1.09175 5.683289803828233e-30
1.10498 6.200764216841818e-30
1.11854 6.19221454742304e-30
1.13243 6.203475705595825e-30
1.14668 6.159422887673496e-30
1.16129 6.0349937314365085e-30
1.17627 6.245773764078911e-30
1.19165 5.702082441822792e-30
1.20743 6.287185244978314e-30
1.22364 6.328757173560446e-30
1.24028 6.41330315454264e-30
1.25566 6.41448135016613e-30
1.2732 6.424734158889707e-30
1.29306 6.069946386125717e-30
1.31167 6.413712598411796e-30
1.33082 6.190473773750767e-30
1.35053 6.477171238302734e-30
1.37084 6.423347063332972e-30
1.38542 6.2565292639866146e-30
1.40248 6.397978255439917e-30
1.42439 6.481989452593008e-30
1.447 6.352914859858131e-30
1.47034 6.476453510774892e-30
1.49444 5.551490657946425e-30
1.51935 6.2571773607547384e-30
1.5451 6.499202807092249e-30
1.57174 6.452834040950012e-30
1.59931 6.543848900824988e-30
1.62787 6.399808218855126e-30
1.65747 6.170058985994588e-30
1.68817 6.224298850941508e-30
1.72002 6.43294810426483e-30
1.75309 6.52962699336979e-30
1.78049 6.553750943230705e-30
1.8016 6.1882260104690705e-30
1.82322 6.2980990193576714e-30
1.86043 6.161277919080696e-30
1.89919 6.2929350130078994e-30
1.93959 6.217079269248623e-30
1.98176 6.2123999107439754e-30
2.02131 6.264307366156249e-30
2.06714 6.2818146609272295e-30
2.12002 6.189086678194032e-30
2.16021 6.2038600814729926e-30
2.20195 6.253979353456704e-30
2.25089 6.243721168484446e-30
2.30787 6.1154452737271345e-30
2.36782 5.838151502340092e-30
2.43096 6.003374637540815e-30
2.49074 5.975624370408786e-30
2.55353 5.827965205500228e-30
2.61957 5.740444825563576e-30
2.69707 5.7001605624369546e-30
2.7793 5.63842645416492e-30
2.8667 5.525094062381812e-30
2.95977 5.257877623774422e-30
3.0286 5.089178393684532e-30
3.07976 5.110118522992832e-30
3.14348 4.959718927055047e-30
3.20989 5.1150318494227116e-30
3.26742 5.03937664959935e-30
3.32704 4.980380051283707e-30
3.38888 4.927506557348944e-30
3.45307 4.855213613515832e-30
3.50619 4.5528737730678935e-30
3.54712 3.90714736741846e-30
3.6175 4.553792932774164e-30
3.70573 4.2008773855530776e-30
3.79837 4.350173989843338e-30
3.89577 3.4608368380429975e-30
3.96352 2.095976590202464e-30
4.0159 1.4469495656077869e-30
4.08793 1.364081353008432e-30
4.14368 1.3302079269141493e-30
4.22041 1.2599001172329644e-30
4.341 1.1227368692143188e-30
4.44687 1.0940925103680091e-30
4.51292 1.0505661202774534e-30
4.60409 9.901494031693885e-31
4.69902 9.393143718294471e-31
4.77282 8.933814545079293e-31
4.90113 8.295265941136094e-31
5.00884 7.804651913918412e-31
5.0645 7.565010266499127e-31
5.15034 7.218119393352774e-31
5.26942 6.2257862184662e-31
5.36241 6.412108246924488e-31
5.49162 6.0052547369400045e-31
5.62722 5.540341157790677e-31
5.73339 5.250833518025461e-31
5.88135 4.8568315319341e-31
6.03715 4.254631516375222e-31
6.20142 4.186494759179479e-31
6.37489 2.473375209599654e-31
6.51149 1.5878370819036844e-31
6.65408 1.5035113115327195e-31
6.80305 1.2937256425725543e-31
6.90613 1.2904918716059492e-31
6.95885 1.2159647314221004e-31
7.12195 1.1781956234917272e-31
7.17803 1.1402593956147595e-31
7.29287 1.07898486719586e-31
7.53396 9.657945273673569e-32
7.7255 7.169896932762911e-32
7.99657 6.759903773097266e-32
8.28736 6.063036458475078e-32
8.44083 5.229281563929638e-32
8.60009 4.976330649746548e-32
8.76547 4.711938538236607e-32
8.93735 4.682132695761465e-32
9.11609 4.226440052584183e-32
9.30214 1.3745197807536998e-32
9.49593 1.1559550122156539e-33
9.69797 9.38796299995004e-34
10.0177 6.724496307991077e-34
