# # E(Ryd) fnu(erg/s/Hz/cm^2)
1.001769999999999960e+01 3.362248153995538411e-25
9.697969999999999757e+00 4.693981499975020054e-25
9.495929999999999538e+00 5.779775061078270689e-25
9.302139999999999631e+00 6.872598903768499498e-24
9.116089999999999804e+00 2.113220026292091480e-23
8.937350000000000350e+00 2.341066347880732247e-23
8.765470000000000539e+00 2.355969269118303301e-23
8.600089999999999790e+00 2.488165324873274065e-23
8.440830000000000055e+00 2.614640781964818699e-23
8.287359999999999616e+00 3.031518229237538157e-23
7.996570000000000178e+00 3.379951886548632682e-23
7.725500000000000256e+00 3.584948466381455887e-23
7.533960000000000434e+00 4.828972636836785012e-23
7.292869999999999742e+00 5.394924335979299825e-23
7.178029999999999688e+00 5.701296978073797457e-23
7.121950000000000003e+00 5.890978117458635703e-23
6.958849999999999980e+00 6.079823657110501410e-23
6.906130000000000102e+00 6.452459358029746370e-23
6.803049999999999820e+00 6.468628212862771364e-23
6.654080000000000439e+00 7.517556557663599338e-23
6.511490000000000222e+00 7.939185409518422085e-23
6.374889999999999723e+00 1.236687604799827263e-22
6.201419999999999710e+00 2.093247379589740053e-22
6.037149999999999572e+00 2.127315758187610975e-22
5.881350000000000300e+00 2.428415765967049952e-22
5.733389999999999986e+00 2.625416759012730516e-22
5.627220000000000333e+00 2.770170578895338243e-22
5.491620000000000168e+00 3.002627368470002013e-22
5.362409999999999677e+00 3.206054123462243476e-22
5.269420000000000215e+00 3.112893109233100028e-22
5.150339999999999918e+00 3.609059696676387716e-22
5.064499999999999780e+00 3.782505133249563260e-22
5.008840000000000181e+00 3.902325956959205607e-22
4.901130000000000209e+00 4.147632970568047317e-22
4.772820000000000285e+00 4.466907272539646089e-22
4.699019999999999975e+00 4.696571859147235648e-22
4.604090000000000238e+00 4.950747015846942860e-22
4.512920000000000265e+00 5.252830601387266060e-22
4.446869999999999656e+00 5.470462551840046343e-22
4.341000000000000192e+00 5.613684346071594212e-22
4.220410000000000217e+00 6.299500586164821746e-22
4.143679999999999808e+00 6.651039634570745457e-22
4.087930000000000064e+00 6.820406765042160409e-22
4.015900000000000247e+00 7.234747828038934617e-22
3.963519999999999932e+00 1.047988295101231939e-21
3.895770000000000177e+00 1.730418419021498728e-21
3.798369999999999802e+00 2.175086994921668944e-21
3.705729999999999968e+00 2.100438692776538934e-21
3.617500000000000160e+00 2.276896466387082317e-21
3.547120000000000051e+00 1.953573683709229662e-21
3.506190000000000140e+00 2.276436886533946762e-21
3.453069999999999862e+00 2.427606806757915811e-21
3.388879999999999892e+00 2.463753278674471827e-21
3.327040000000000219e+00 2.490190025641853354e-21
3.267419999999999991e+00 2.519688324799674896e-21
3.209890000000000132e+00 2.557515924711356350e-21
3.143479999999999830e+00 2.479859463527523692e-21
3.079759999999999831e+00 2.555059261496415767e-21
3.028599999999999959e+00 2.544589196842265987e-21
2.959769999999999790e+00 2.628938811887211041e-21
2.866699999999999804e+00 2.762547031190906031e-21
2.779300000000000104e+00 2.819213227082459837e-21
2.697070000000000078e+00 2.850080281218476931e-21
2.619569999999999954e+00 2.870222412781787950e-21
2.553529999999999855e+00 2.913982602750113837e-21
2.490740000000000176e+00 2.987812185204393239e-21
2.430959999999999788e+00 3.001687318770407388e-21
2.367820000000000036e+00 2.919075751170045594e-21
2.307869999999999866e+00 3.057722636863567538e-21
2.250890000000000057e+00 3.121860584242222550e-21
2.201950000000000074e+00 3.126989676728352135e-21
2.160210000000000186e+00 3.101930040736496732e-21
2.120019999999999794e+00 3.094543339097016094e-21
2.067140000000000200e+00 3.140907330463614695e-21
2.021310000000000162e+00 3.132153683078124876e-21
1.981759999999999966e+00 3.106199955371987821e-21
1.939589999999999925e+00 3.108539634624311309e-21
1.899189999999999934e+00 3.146467506503949844e-21
1.860430000000000028e+00 3.080638959540347766e-21
1.823220000000000063e+00 3.149049509678836214e-21
1.801600000000000090e+00 3.094113005234535095e-21
1.780489999999999906e+00 3.276875471615352887e-21
1.753090000000000037e+00 3.264813496684895329e-21
1.720020000000000104e+00 3.216474052132415374e-21
1.688169999999999948e+00 3.112149425470753809e-21
1.657469999999999999e+00 3.085029492997293803e-21
1.627869999999999928e+00 3.199904109427563608e-21
1.599310000000000009e+00 3.271924450412493805e-21
1.571739999999999915e+00 3.226417020475006297e-21
1.545099999999999918e+00 3.249601403546123987e-21
1.519349999999999978e+00 3.128588680377368658e-21
1.494439999999999991e+00 2.775745328973212329e-21
1.470339999999999980e+00 3.238226755387446470e-21
1.447000000000000064e+00 3.176457429929065437e-21
1.424390000000000045e+00 3.240994726296504006e-21
1.402479999999999949e+00 3.198989127719958348e-21
1.385420000000000096e+00 3.128264631993307465e-21
1.370840000000000058e+00 3.211673531666486581e-21
1.350530000000000008e+00 3.238585619151366686e-21
1.330819999999999892e+00 3.095236886875383585e-21
1.311669999999999892e+00 3.206856299205897773e-21
1.293060000000000098e+00 3.034973193062858541e-21
1.273200000000000109e+00 3.212367079444854071e-21
1.255659999999999998e+00 3.207240675083065705e-21
1.240280000000000049e+00 3.206651577271319265e-21
1.223640000000000061e+00 3.164378586780222771e-21
1.207430000000000003e+00 3.143592622489157515e-21
1.191650000000000098e+00 2.851041220911396386e-21
1.176269999999999927e+00 3.122886882039455554e-21
1.161289999999999933e+00 3.017496865718253860e-21
1.146679999999999922e+00 3.079711443836748340e-21
1.132430000000000048e+00 3.101737852797912390e-21
1.118540000000000090e+00 3.096107273711519487e-21
1.104980000000000073e+00 3.100382108420908537e-21
1.091749999999999998e+00 2.841644901914116556e-21
1.078829999999999956e+00 3.059636160252075125e-21
1.066210000000000102e+00 3.029646485835679291e-21
1.053879999999999928e+00 3.048704367689447099e-21
1.041840000000000099e+00 3.053105948338892516e-21
1.030070000000000041e+00 3.041493643750640658e-21
1.018559999999999910e+00 3.036778329556602129e-21
1.007300000000000084e+00 3.004645341825131496e-21
9.962940000000000129e-01 2.936243537449468810e-21
9.855239999999999556e-01 4.499328542178992860e-21
9.749830000000000441e-01 6.116172245494821468e-21
9.646660000000000235e-01 7.361174067637728042e-21
9.545649999999999968e-01 8.130092941919349962e-21
9.446729999999999849e-01 8.623765264159713819e-21
9.349840000000000373e-01 5.237455566300565308e-21
9.254919999999999813e-01 7.630461866902786202e-21
9.161899999999999489e-01 7.406380013191559938e-21
9.070740000000000469e-01 8.454741161458542303e-21
8.981369999999999632e-01 8.574427288649863201e-21
8.893750000000000266e-01 5.961963959861654775e-21
8.807819999999999538e-01 8.013819239076176752e-21
8.723530000000000451e-01 9.874282044540242541e-21
8.640849999999999920e-01 9.672777168933839424e-21
8.559710000000000374e-01 8.624141284039551556e-21
8.480090000000000128e-01 9.242485086439465752e-21
8.401929999999999676e-01 7.878452082334573390e-21
8.325200000000000378e-01 9.455444755917334803e-21
8.249859999999999971e-01 9.147477396800451674e-21
8.175869999999999527e-01 9.015703318910630798e-21
8.103190000000000115e-01 8.234041548701173789e-21
8.031800000000000050e-01 9.287147892166863522e-21
7.961650000000000116e-01 8.997437617349552135e-21
7.892719999999999736e-01 9.048667728376412258e-21
7.824969999999999981e-01 8.945680061287506758e-21
7.758380000000000276e-01 6.937859242913679497e-21
7.692909999999999471e-01 8.679332646402410476e-21
7.628530000000000033e-01 7.867714625765873902e-21
7.565220000000000278e-01 7.069967560696687133e-21
7.502959999999999630e-01 5.303142680029384375e-21
7.441710000000000269e-01 7.786368991760966775e-21
7.381450000000000511e-01 8.850214624056671379e-21
7.322159999999999780e-01 9.051926567335006480e-21
7.263819999999999721e-01 8.904192534545404262e-21
7.206399999999999473e-01 8.722654940631485634e-21
7.149879999999999569e-01 9.458780077319489031e-21
7.094240000000000546e-01 9.616530760313100661e-21
7.039450000000000429e-01 8.612275767831337353e-21
6.985510000000000330e-01 8.697714508477388655e-21
6.932390000000000496e-01 9.628525921491085637e-21
6.880070000000000352e-01 9.342407665602109089e-21
6.828530000000000433e-01 8.880942074085720411e-21
6.777760000000000451e-01 9.523432788114711984e-21
6.727739999999999831e-01 9.378938522833932852e-21
6.678460000000000507e-01 8.893411111267332625e-21
6.629890000000000505e-01 8.933529762245299903e-21
6.582019999999999538e-01 8.895293397389242481e-21
6.534830000000000361e-01 7.297752047905088383e-21
6.488319999999999643e-01 7.190293922244778007e-21
6.442470000000000141e-01 8.604175482855712868e-21
6.397260000000000169e-01 8.468719733706601220e-21
6.352680000000000549e-01 8.736107776046972543e-21
6.321839999999999682e-01 8.876951983250489308e-21
6.300000000000000044e-01 8.895099985949098845e-21
6.265359999999999818e-01 8.702687658939001145e-21
6.222590000000000066e-01 8.373306368154380410e-21
6.180400000000000338e-01 8.475256140025053361e-21
6.138780000000000348e-01 8.568239060021179556e-21
6.097719999999999807e-01 8.547057208672804947e-21
6.057200000000000362e-01 8.263538219275115166e-21
6.029160000000000075e-01 7.786321939982285972e-21
6.009290000000000465e-01 8.016910958088176090e-21
5.977770000000000028e-01 7.982734929009588491e-21
5.938820000000000210e-01 7.191380201897644754e-21
5.900379999999999514e-01 6.821137000850412646e-21
5.862439999999999873e-01 6.832406556612504722e-21
5.824979999999999603e-01 7.377342922470752236e-21
5.787999999999999812e-01 7.812932701527423900e-21
5.751479999999999926e-01 7.992762125805260473e-21
5.715419999999999945e-01 8.110205668274597872e-21
5.679809999999999581e-01 7.995359777151895752e-21
5.644639999999999658e-01 7.946595240558511755e-21
5.609899999999999887e-01 7.855347749717875047e-21
5.575590000000000268e-01 8.207308832266593229e-21
5.541700000000000514e-01 8.300805967365705112e-21
5.508210000000000051e-01 8.057604665083955143e-21
5.475130000000000274e-01 8.493537045775894869e-21
5.452209999999999557e-01 7.873939843776520547e-21
5.435950000000000504e-01 9.687817964127348902e-21
5.410139999999999949e-01 9.757791473275871374e-21
5.378230000000000510e-01 9.391723198748417413e-21
5.346680000000000321e-01 9.538508236562236625e-21
5.315509999999999957e-01 1.043902212406994621e-20
5.284689999999999666e-01 1.090039851663090814e-20
5.254229999999999734e-01 1.250119870507365797e-20
5.224119999999999875e-01 1.244291562369880121e-20
5.194349999999999801e-01 1.503286381370639021e-20
5.164929999999999799e-01 1.295384308042505451e-20
5.135830000000000117e-01 1.457835553023256732e-20
5.107049999999999645e-01 1.567852490971629659e-20
5.078599999999999781e-01 2.055015320976019208e-20
5.050470000000000237e-01 1.826258120857445387e-20
5.022640000000000438e-01 1.772828155199996552e-20
4.995120000000000116e-01 1.888249478283791798e-20
4.967900000000000094e-01 1.833644080609702217e-20
4.940970000000000084e-01 1.491470319380580660e-20
4.914339999999999820e-01 2.011344504852749939e-20
4.887989999999999835e-01 2.509391048647515082e-20
4.861920000000000130e-01 2.452077534999363161e-20
4.836119999999999863e-01 2.516168365332315402e-20
4.810599999999999876e-01 3.002156860204868787e-20
4.785349999999999882e-01 2.906303389760396626e-20
4.760360000000000147e-01 3.079539490168524605e-20
4.735630000000000117e-01 2.578675253067774624e-20
4.711159999999999792e-01 1.573893877041023134e-20
4.686939999999999995e-01 3.533565412255739633e-20
4.662959999999999883e-01 3.686074479447843432e-20
4.634519999999999751e-01 4.516927347717956563e-20
4.613410000000000011e-01 4.023670028676726995e-20
4.594799999999999995e-01 4.851220068852771014e-20
4.569469999999999921e-01 5.066335635516153226e-20
4.546680000000000166e-01 4.656721888272222460e-20
4.524119999999999808e-01 4.837421249339142964e-20
4.501769999999999938e-01 4.053087474642583424e-20
4.479650000000000021e-01 5.534117389127766165e-20
4.457749999999999768e-01 6.286106269253972649e-20
4.436050000000000271e-01 5.902200395113177273e-20
4.414569999999999883e-01 5.596242581158274484e-20
4.395419999999999883e-01 6.681101521243103646e-20
4.386959999999999749e-01 1.205170765936763419e-19
4.372229999999999728e-01 1.463469743422679936e-19
4.351360000000000228e-01 1.348683405391980740e-19
4.330689999999999817e-01 1.241650532114418060e-19
4.310209999999999875e-01 1.388142712806132217e-19
4.289930000000000132e-01 1.238168236172088520e-19
4.269830000000000014e-01 1.121852419181059145e-19
4.249930000000000097e-01 1.477814231407579580e-19
4.230209999999999804e-01 1.522061791153040002e-19
4.210670000000000246e-01 1.310944729838155623e-19
4.191309999999999758e-01 1.368202467745182515e-19
4.172120000000000273e-01 1.681497980004061128e-19
4.153120000000000145e-01 1.720029358171430128e-19
4.134280000000000177e-01 1.644805397650402913e-19
4.115619999999999834e-01 1.249066654272786842e-19
4.097120000000000206e-01 1.407035483294519444e-19
4.078789999999999916e-01 1.916637026009007142e-19
4.060619999999999785e-01 1.814858985235514586e-19
4.042609999999999815e-01 1.357717772674883581e-19
4.024769999999999737e-01 1.325502663169558478e-19
4.007069999999999799e-01 1.537445329603439203e-19
3.989539999999999753e-01 1.997231329473690891e-19
3.972149999999999848e-01 1.681905788575990028e-19
3.954920000000000102e-01 2.055277595239116095e-19
3.937840000000000229e-01 1.742759137588455659e-19
3.920899999999999941e-01 1.266468487023120561e-19
3.904110000000000080e-01 1.101916332890231476e-19
3.887459999999999805e-01 6.991142288356772570e-20
3.870950000000000224e-01 1.539612945330546519e-19
3.854580000000000228e-01 7.936435013158811919e-20
3.838349999999999818e-01 1.132478928046112927e-19
3.822260000000000102e-01 5.813228277210826012e-20
3.806300000000000239e-01 7.925114766289024198e-20
3.790479999999999960e-01 7.898975657230826098e-20
3.774779999999999802e-01 1.035765858999378942e-19
3.759210000000000051e-01 1.930172864987943352e-19
3.743779999999999886e-01 1.961289246608972646e-19
3.728460000000000107e-01 2.357755765433402262e-19
3.713279999999999914e-01 2.524485014411974163e-19
3.698210000000000108e-01 2.229425033772350020e-19
3.683270000000000155e-01 1.980886315873885705e-19
3.668449999999999767e-01 1.382613655902268621e-19
3.653739999999999766e-01 1.584485791216464616e-19
3.639160000000000172e-01 2.588239946130560351e-19
3.627569999999999961e-01 9.805427489419610910e-20
3.620369999999999977e-01 7.303972829868274171e-20
3.610329999999999928e-01 8.734073641921438288e-20
3.596090000000000120e-01 1.432648373391629290e-19
3.581960000000000144e-01 1.591684106781250481e-19
3.567940000000000000e-01 2.735725658603004962e-19
3.554030000000000244e-01 2.043434879228194173e-19
3.540229999999999766e-01 2.593945545623497410e-19
3.526540000000000230e-01 2.301162343764393219e-19
3.512950000000000239e-01 2.033027730168113368e-19
3.499459999999999793e-01 1.741019977754513081e-19
3.486079999999999735e-01 1.543081302332914733e-19
3.472799999999999776e-01 2.280773038115771012e-19
3.459619999999999918e-01 3.810574629491545225e-19
3.446540000000000159e-01 5.401467235200139454e-19
3.433559999999999945e-01 6.948527602695960967e-19
3.420670000000000099e-01 4.571443629422258785e-19
3.407890000000000086e-01 5.364554700263576095e-19
3.395190000000000152e-01 5.946364735497377614e-19
3.382589999999999764e-01 4.671074747080776438e-19
3.370090000000000030e-01 5.680493908854261413e-19
3.357680000000000109e-01 4.269344693239398274e-19
3.345360000000000000e-01 3.897276794218151133e-19
3.333119999999999972e-01 4.675248303349293600e-19
3.320980000000000043e-01 2.341098824093143399e-19
3.308929999999999927e-01 3.223651040050161816e-19
3.296959999999999891e-01 4.228434743665734043e-19
3.285080000000000222e-01 4.730938364751706470e-19
3.273280000000000078e-01 2.764004025957698677e-19
3.261569999999999747e-01 1.058110876251229706e-19
3.249940000000000051e-01 1.347002694794241769e-19
3.238400000000000167e-01 4.306743212834427800e-19
3.226939999999999809e-01 6.646421659744732582e-19
3.215549999999999797e-01 6.620756626502948964e-19
3.204250000000000154e-01 5.710110786097054274e-19
3.193030000000000035e-01 3.560943798844091701e-19
3.181880000000000264e-01 7.461399389367439064e-19
3.170810000000000017e-01 8.676287451146376993e-19
3.159819999999999851e-01 7.876378975774824605e-19
3.148909999999999765e-01 8.752763930124853817e-19
3.132679999999999909e-01 1.151937192696830425e-18
3.111289999999999889e-01 1.033340567367426301e-18
3.090200000000000169e-01 1.001125865480185769e-18
3.069390000000000174e-01 1.104987933631914064e-18
3.048859999999999904e-01 1.131352649974863464e-18
3.028600000000000181e-01 1.209296314279462740e-18
3.008609999999999896e-01 1.239117397525526608e-18
2.988879999999999870e-01 1.304600592620784349e-18
2.969410000000000105e-01 1.376505003381712674e-18
2.950189999999999757e-01 1.422479884719578847e-18
2.931219999999999937e-01 1.524957537993720307e-18
2.912489999999999801e-01 1.486168835592009375e-18
2.893999999999999906e-01 1.494647995074811833e-18
2.875739999999999963e-01 1.606854405026273609e-18
2.857709999999999972e-01 1.430911467445914668e-18
2.839900000000000202e-01 1.618562789565238472e-18
2.822319999999999829e-01 1.389195310578532597e-18
2.804949999999999943e-01 1.811109754063829851e-18
2.787799999999999723e-01 2.076184198873964946e-18
2.770850000000000257e-01 2.053212037222745687e-18
2.754110000000000169e-01 2.050813393956038778e-18
2.737569999999999726e-01 2.096942269676103973e-18
2.721219999999999750e-01 2.079750318944254414e-18
2.705069999999999975e-01 1.765176913336168619e-18
2.689110000000000111e-01 1.947235704689896324e-18
2.673340000000000161e-01 1.997541445578217293e-18
2.657749999999999835e-01 2.065549784083006470e-18
2.642349999999999977e-01 2.193083598412812147e-18
2.627120000000000011e-01 2.248097045766260691e-18
2.612059999999999937e-01 2.440878686385925941e-18
2.597180000000000044e-01 2.581845125733940056e-18
2.582459999999999756e-01 2.412163915917519386e-18
2.567909999999999915e-01 2.759882138611508637e-18
2.553529999999999966e-01 2.178526261855597080e-18
2.539299999999999891e-01 2.194763230021505829e-18
2.525229999999999975e-01 2.538707106408676624e-18
2.511320000000000219e-01 2.665912279324510158e-18
2.504419999999999980e-01 2.737099442108285095e-18
2.497560000000000058e-01 3.090056383071183884e-18
2.483950000000000047e-01 3.161331575376023027e-18
2.470489999999999908e-01 2.947030694462499579e-18
2.457169999999999910e-01 3.232085773158091885e-18
2.443990000000000051e-01 2.622072714642913252e-18
2.430960000000000065e-01 2.970966364025202487e-18
2.418059999999999932e-01 3.491964584664351035e-18
2.405299999999999938e-01 3.731170093944865728e-18
2.392680000000000085e-01 3.863469176807234457e-18
2.380180000000000073e-01 2.709056820539113630e-18
2.367819999999999925e-01 3.625941221082434970e-18
2.355579999999999896e-01 3.754685501270722310e-18
2.343469999999999998e-01 3.758923434554764414e-18
2.331479999999999941e-01 4.481126124075708990e-18
2.319620000000000015e-01 2.349542045248229141e-18
2.307869999999999922e-01 3.871617435659494804e-18
2.296249999999999958e-01 2.699939288510446695e-18
2.284740000000000104e-01 5.454422458998554464e-18
2.273340000000000083e-01 6.009613123153886681e-18
2.262059999999999904e-01 6.107785183870425718e-18
2.250890000000000113e-01 5.964921189096632993e-18
2.239829999999999877e-01 5.802438232236992741e-18
2.228870000000000018e-01 6.557516316611340233e-18
2.218030000000000002e-01 6.120467050975156922e-18
2.207290000000000085e-01 6.446471559586786805e-18
2.196649999999999991e-01 6.537506174373625745e-18
2.186109999999999998e-01 6.595110879191285347e-18
2.175680000000000114e-01 6.605204456717723778e-18
2.165340000000000042e-01 6.790239456856943894e-18
2.155100000000000071e-01 6.687110568421849757e-18
2.144959999999999922e-01 7.046924077148875202e-18
2.134919999999999873e-01 6.781147335686333952e-18
2.124959999999999904e-01 6.475121015251658861e-18
2.115100000000000036e-01 5.791307780872336362e-18
2.105329999999999979e-01 7.434597583886877950e-18
2.095650000000000013e-01 7.204992508848248704e-18
2.086060000000000136e-01 8.279787632855092973e-18
2.076560000000000072e-01 7.641037883076780320e-18
2.067140000000000088e-01 8.027914579050353959e-18
2.057809999999999917e-01 8.477340616316018043e-18
2.048560000000000103e-01 8.584657436883547312e-18
2.039390000000000092e-01 9.124054610691395779e-18
2.030309999999999893e-01 9.299339588744512470e-18
2.021310000000000051e-01 1.048891846254043062e-17
2.012380000000000002e-01 9.420937055779680649e-18
2.003540000000000043e-01 9.804350916244210290e-18
1.994769999999999877e-01 1.060293640185280652e-17
1.986080000000000068e-01 1.012679600783848513e-17
1.977460000000000051e-01 1.044964278174466163e-17
1.968920000000000115e-01 1.025837772550019484e-17
1.960449999999999970e-01 1.050273070521061056e-17
1.952049999999999896e-01 1.096861404286938213e-17
1.943729999999999902e-01 1.082132720006673687e-17
1.935479999999999978e-01 1.057456998765993664e-17
1.927290000000000114e-01 1.113902347171700299e-17
1.919180000000000053e-01 1.151113135460884099e-17
1.911130000000000051e-01 1.153916720385664640e-17
1.903150000000000119e-01 1.155300185752892625e-17
1.895239999999999980e-01 1.155229042277176285e-17
1.887389999999999901e-01 1.192078558392324696e-17
1.879609999999999892e-01 1.115113505181670814e-17
1.871889999999999943e-01 1.005792597536134928e-17
1.864230000000000054e-01 1.169895349268278922e-17
1.856639999999999957e-01 1.181668370312975335e-17
1.849109999999999920e-01 1.172277397949887414e-17
1.841629999999999934e-01 1.234161696751085611e-17
1.834220000000000017e-01 1.219148052796069531e-17
1.826869999999999883e-01 1.143138335953197157e-17
1.819580000000000086e-01 1.098957118581827467e-17
1.812340000000000062e-01 1.172862850478966614e-17
1.805170000000000108e-01 1.183974852463033641e-17
1.798049999999999926e-01 1.249389910332547430e-17
1.790980000000000072e-01 1.196040858729640898e-17
1.783970000000000000e-01 1.234537508901943455e-17
1.777019999999999988e-01 1.205377678630678076e-17
1.770120000000000027e-01 1.169289318686396988e-17
1.763270000000000115e-01 1.091654610240079026e-17
1.756469999999999976e-01 1.126094992650830999e-17
1.749729999999999897e-01 1.205516221356914840e-17
1.743039999999999867e-01 1.271047181831910130e-17
1.736399999999999888e-01 1.328223525867291265e-17
1.729809999999999959e-01 1.196742408881480539e-17
1.723270000000000080e-01 1.360916258265608662e-17
1.716779999999999973e-01 1.439885157713256008e-17
1.710339999999999916e-01 1.296201052938503900e-17
1.703939999999999899e-01 1.416364449220975948e-17
1.697599999999999942e-01 1.423900826972976917e-17
1.691300000000000026e-01 1.400161427915348168e-17
1.685039999999999871e-01 1.384839695555960346e-17
1.678840000000000054e-01 1.416464093992508290e-17
1.672680000000000000e-01 1.462210773676405633e-17
1.666559999999999986e-01 1.429916522855578135e-17
1.660490000000000022e-01 1.443764598085910057e-17
1.654460000000000097e-01 1.444435084009930661e-17
1.648479999999999945e-01 1.490462142593852223e-17
1.642540000000000111e-01 1.524404354963186435e-17
1.636640000000000039e-01 1.506646692139860337e-17
1.630790000000000017e-01 1.471698195937784408e-17
1.624970000000000026e-01 1.532723888007391760e-17
1.619200000000000084e-01 1.526276016250381156e-17
1.613469999999999904e-01 1.549896203802789407e-17
1.607780000000000042e-01 1.528341283872168477e-17
1.602129999999999943e-01 1.585375169916372135e-17
1.596509999999999874e-01 1.554845566515653800e-17
1.590940000000000132e-01 1.684544307625300256e-17
1.585409999999999875e-01 1.627442507080004628e-17
1.579909999999999926e-01 1.659538858521925128e-17
1.574450000000000016e-01 1.612294841496060119e-17
1.569029999999999869e-01 1.682268089386248830e-17
1.563650000000000040e-01 1.732264046924936380e-17
1.558309999999999973e-01 1.687276672346254864e-17
1.552999999999999936e-01 1.699751318672398995e-17
1.547719999999999929e-01 1.564027167048905866e-17
1.542489999999999972e-01 1.693031990322308593e-17
1.537280000000000035e-01 1.706571216794013006e-17
1.532119999999999871e-01 1.718290707194049315e-17
1.526980000000000004e-01 1.751321131726300282e-17
1.521889999999999910e-01 1.735735990700024270e-17
1.516820000000000113e-01 1.725213308554907948e-17
1.511790000000000078e-01 1.776625812998531955e-17
1.506790000000000074e-01 1.817685193230359584e-17
1.501830000000000109e-01 1.826777977779419766e-17
1.496899999999999897e-01 1.777771910366830583e-17
1.491999999999999993e-01 1.796429882182301462e-17
1.487130000000000118e-01 1.713504459384610801e-17
1.482289999999999996e-01 1.750701326850192309e-17
1.477489999999999915e-01 1.688879804430895199e-17
1.472710000000000130e-01 1.784981766851727882e-17
1.467970000000000108e-01 1.781740264232315524e-17
1.463260000000000116e-01 1.738017499448818345e-17
1.458569999999999867e-01 1.689666872856704349e-17
1.453919999999999935e-01 1.785334419901420557e-17
1.449300000000000033e-01 1.827099064671573780e-17
1.444709999999999883e-01 1.793547858750190945e-17
1.440140000000000031e-01 1.832690534564485656e-17
1.435609999999999942e-01 1.847942297281671911e-17
1.431099999999999872e-01 1.852898775993892786e-17
1.426620000000000110e-01 1.898275138112134730e-17
1.422170000000000101e-01 1.872082455782551133e-17
1.417740000000000111e-01 1.898983623632573107e-17
1.413349999999999884e-01 1.904830116449362885e-17
1.408979999999999955e-01 1.909077659929169120e-17
1.404640000000000055e-01 1.884091984299111188e-17
1.400319999999999898e-01 1.950821166105050410e-17
1.396030000000000049e-01 1.956010033481570208e-17
1.391769999999999952e-01 1.903773706249002996e-17
1.387529999999999875e-01 1.765919306819999382e-17
1.383320000000000105e-01 1.950468275411350542e-17
1.379140000000000088e-01 1.991891611702558424e-17
1.374980000000000091e-01 1.978668180547596878e-17
1.370840000000000114e-01 1.978135326736342349e-17
1.366729999999999889e-01 1.946434204452586715e-17
1.362639999999999962e-01 1.994611265133308521e-17
1.358580000000000065e-01 1.934104084046748103e-17
1.354549999999999921e-01 1.990539447141488787e-17
1.350530000000000064e-01 1.967185852472528306e-17
1.346539999999999959e-01 1.994001746086597881e-17
1.342579999999999885e-01 1.983691294426245128e-17
1.338630000000000098e-01 2.000583723660324306e-17
1.334710000000000063e-01 2.030496808705641038e-17
1.330820000000000058e-01 1.992652058671242526e-17
1.326940000000000064e-01 2.036997522685659173e-17
1.323090000000000099e-01 2.072399154856993670e-17
1.319259999999999877e-01 2.077833089685135074e-17
1.315449999999999953e-01 2.074780784198168107e-17
1.311670000000000058e-01 2.076993568538044181e-17
1.307899999999999896e-01 2.107084580208999012e-17
1.304160000000000041e-01 2.115289087692644894e-17
1.300439999999999929e-01 2.083422748474952923e-17
1.296740000000000115e-01 2.125347777373788918e-17
1.293060000000000043e-01 2.117595606608256250e-17
1.289399999999999991e-01 2.072098672126512760e-17
1.285769999999999968e-01 2.035358535129003986e-17
1.282149999999999956e-01 2.010494271608984210e-17
1.278549999999999964e-01 1.980106021634361144e-17
1.274980000000000002e-01 1.986054626777383828e-17
1.271420000000000050e-01 2.012794637889283374e-17
1.267880000000000118e-01 1.985475656175087662e-17
1.264369999999999938e-01 2.049441681310475713e-17
1.260870000000000046e-01 2.096200481491806659e-17
1.257389999999999897e-01 2.116776027842890353e-17
1.253930000000000045e-01 2.132131938312558194e-17
1.250489999999999935e-01 2.110748322945424296e-17
1.247069999999999984e-01 2.182138229102875879e-17
1.243670000000000053e-01 2.193236270833617088e-17
1.240279999999999994e-01 2.221628613266448726e-17
1.236919999999999964e-01 2.290751094545941892e-17
1.233569999999999944e-01 2.240637549580359901e-17
1.230239999999999945e-01 2.255415026011664938e-17
1.226929999999999965e-01 2.317023725434684631e-17
1.223640000000000005e-01 2.324191144347974559e-17
1.220360000000000056e-01 2.367906026383849264e-17
1.217099999999999987e-01 2.365357607182484981e-17
1.213859999999999939e-01 2.400845996999897349e-17
1.210640000000000049e-01 2.439935076630937443e-17
1.207430000000000031e-01 2.465366310796568940e-17
1.204240000000000033e-01 2.455239310718600169e-17
1.201070000000000054e-01 2.410215364006044631e-17
1.197909999999999947e-01 2.387756559233658250e-17
1.194769999999999999e-01 2.370234326491652299e-17
1.191649999999999932e-01 2.333407682280092373e-17
1.188540000000000013e-01 2.254720928610331808e-17
1.185449999999999976e-01 2.323527520261447056e-17
1.182369999999999949e-01 2.288118440667947156e-17
1.179309999999999942e-01 2.307964345853629793e-17
1.176269999999999954e-01 2.299120514182421507e-17
1.173239999999999977e-01 2.338989057631046416e-17
1.170230000000000020e-01 2.360746049564383784e-17
1.167229999999999934e-01 2.367683413093883296e-17
1.164250000000000007e-01 2.371331816602341851e-17
1.161289999999999961e-01 2.358178753116652725e-17
1.158330000000000054e-01 2.383411094700622045e-17
1.155400000000000038e-01 2.363365453456903342e-17
1.152480000000000032e-01 2.321687361724533789e-17
1.149570000000000036e-01 2.344165032020936538e-17
1.146680000000000060e-01 2.338492478099407007e-17
1.143799999999999956e-01 2.408488572317147466e-17
1.140940000000000010e-01 2.426374261852984217e-17
1.138089999999999935e-01 2.461099734482839745e-17
1.135250000000000009e-01 2.472718061534169791e-17
1.132429999999999964e-01 2.470893918391691168e-17
1.129629999999999940e-01 2.503313348992452476e-17
1.126830000000000054e-01 2.479817552625515515e-17
1.124060000000000059e-01 2.502607543627518907e-17
1.121290000000000064e-01 2.569907224506456794e-17
1.118539999999999951e-01 2.605217837424611118e-17
1.115799999999999986e-01 2.625844411165769494e-17
1.113080000000000042e-01 2.556870586336497282e-17
1.110359999999999958e-01 2.555366673288945318e-17
1.107670000000000043e-01 2.571440897936793421e-17
1.104979999999999990e-01 2.586492595304470455e-17
1.102309999999999957e-01 2.614718455855220967e-17
1.099649999999999933e-01 2.608705054889072150e-17
1.097000000000000058e-01 2.537413862641986746e-17
1.094370000000000065e-01 2.538920241645735601e-17
1.091749999999999943e-01 2.552984097634416412e-17
1.089139999999999969e-01 2.576427219621086376e-17
1.086540000000000006e-01 2.525742322515118111e-17
1.083960000000000062e-01 2.606010635948292137e-17
1.081389999999999990e-01 2.540037983181927367e-17
1.078830000000000067e-01 2.522809476301225879e-17
1.076280000000000014e-01 2.525973923117787530e-17
1.073739999999999972e-01 2.557504480411781253e-17
1.071219999999999950e-01 2.466538474941697849e-17
1.068709999999999938e-01 2.575457114690655613e-17
1.066209999999999936e-01 2.410708615455918531e-17
1.063719999999999943e-01 2.648585527960281520e-17
1.061239999999999961e-01 2.612602395823195218e-17
1.058779999999999999e-01 2.642557393598534211e-17
1.056330000000000047e-01 2.710405706039153770e-17
1.053879999999999956e-01 2.720192219268353328e-17
1.051450000000000023e-01 2.497276673832973407e-17
1.049029999999999963e-01 2.674187766170970824e-17
1.046620000000000050e-01 2.769782532873627268e-17
1.044230000000000019e-01 2.773989293764529417e-17
1.041839999999999988e-01 2.725113381736665811e-17
1.039459999999999967e-01 2.814221275357792863e-17
1.037099999999999966e-01 2.859595052164998375e-17
1.034739999999999965e-01 2.786601273816344930e-17
1.032399999999999984e-01 2.840396670417952090e-17
1.030070000000000013e-01 2.832829151177188241e-17
1.027740000000000042e-01 2.744196767761862307e-17
1.025429999999999953e-01 2.796591349918062501e-17
1.023130000000000012e-01 2.840491100342183956e-17
1.020839999999999942e-01 2.805667638456332697e-17
1.018560000000000021e-01 2.834041188896251908e-17
1.016289999999999971e-01 2.848865062389335570e-17
1.014029999999999931e-01 2.855123638439592969e-17
1.011780000000000040e-01 2.766623393617499320e-17
1.009530000000000011e-01 2.881021746103156333e-17
1.007300000000000001e-01 2.966677422533111367e-17
1.005080000000000001e-01 2.967530905532031444e-17
1.002870000000000011e-01 2.905786554007749044e-17
1.000670000000000032e-01 2.949099864561209322e-17
9.984769999999999757e-02 3.010919863607824264e-17
9.962940000000000684e-02 3.005389351534043499e-17
9.941210000000000324e-02 3.004652340207419804e-17
9.919580000000000064e-02 3.031723414997095945e-17
9.898039999999999616e-02 2.929228761118275092e-17
9.876590000000000369e-02 2.877505495041616544e-17
9.855239999999999834e-02 2.905034138980232297e-17
9.833970000000000211e-02 2.958361331064334655e-17
9.812800000000000689e-02 2.959184115359624721e-17
9.791719999999999591e-02 2.968706325826322204e-17
9.770729999999999693e-02 2.985185550211160498e-17
9.749829999999999608e-02 2.982159716454935441e-17
9.729019999999999335e-02 2.961716624667703412e-17
9.708300000000000263e-02 3.010079155839200460e-17
9.687669999999999615e-02 2.948840428172509598e-17
9.667119999999999880e-02 3.035304932374268625e-17
9.646659999999999957e-02 2.974439389986339574e-17
9.626289999999999847e-02 3.060631896235575655e-17
9.606000000000000649e-02 3.071653759208390374e-17
9.585799999999999876e-02 3.039316114378753683e-17
9.565680000000000016e-02 3.067598811809730815e-17
9.545649999999999968e-02 2.989127761104540585e-17
9.525699999999999446e-02 3.063148220175144019e-17
9.505829999999999835e-02 3.116147792288236935e-17
9.486050000000000038e-02 3.093236739781029586e-17
9.466349999999999765e-02 3.113537219588030395e-17
9.446730000000000405e-02 3.073887332603370831e-17
9.427190000000000569e-02 3.088136780036166401e-17
9.407730000000000259e-02 3.134444881431395747e-17
9.388359999999999761e-02 3.115747315779890382e-17
9.369059999999999888e-02 3.101859921655916310e-17
9.349839999999999540e-02 3.084233239044497415e-17
9.330700000000000105e-02 3.121821155584758554e-17
9.311640000000000195e-02 3.086099936982085335e-17
9.292649999999999522e-02 3.174100486258742829e-17
9.273750000000000049e-02 3.169550346295595433e-17
9.254919999999999813e-02 3.180910018093011861e-17
9.236160000000000203e-02 3.156986530716254895e-17
9.217490000000000405e-02 3.163018474308957920e-17
9.198879999999999557e-02 3.158032471792288611e-17
9.180359999999999909e-02 3.197062212354184237e-17
9.161900000000000599e-02 3.210481098245216936e-17
9.143519999999999426e-02 3.220752316798218296e-17
9.125220000000000553e-02 3.226774055552307114e-17
9.093360000000000332e-02 3.216758093704146085e-17
9.048230000000000162e-02 3.193758103460157194e-17
9.003550000000000442e-02 3.247932361755364188e-17
8.959309999999999496e-02 3.224925264836614792e-17
8.915489999999999526e-02 3.259483142627170482e-17
8.872109999999999719e-02 3.295376469173940443e-17
8.829149999999999499e-02 3.296852612773308297e-17
8.786599999999999966e-02 3.292153762010862209e-17
8.744449999999999446e-02 3.307168290870103218e-17
8.702709999999999613e-02 3.301549848382399080e-17
8.661370000000000180e-02 3.310713935458152558e-17
8.620419999999999472e-02 3.308279679558571307e-17
8.579849999999999977e-02 3.316779855350220597e-17
8.539670000000000594e-02 3.290993782183016624e-17
8.499850000000000461e-02 3.328636816014666984e-17
8.460410000000000152e-02 3.343042561937500777e-17
8.421330000000000482e-02 3.303585714218746906e-17
8.382610000000000061e-02 3.286282180034600921e-17
8.344250000000000278e-02 3.277776319569185515e-17
8.306239999999999457e-02 3.257145146537315487e-17
8.268570000000000086e-02 3.270699030608969044e-17
8.231239999999999390e-02 3.246187773008021548e-17
8.194239999999999857e-02 3.286116335422098894e-17
8.157580000000000386e-02 3.305074332796394927e-17
8.121240000000000403e-02 3.332701983837338081e-17
8.085230000000000194e-02 3.314364928007486675e-17
8.049530000000000574e-02 3.320590554929307940e-17
8.014150000000000440e-02 3.305162739963625795e-17
7.979070000000000606e-02 3.291161251939512591e-17
7.944310000000000260e-02 3.359321256341498296e-17
7.909839999999999927e-02 3.405645932606964065e-17
7.875669999999999893e-02 3.397423699731058624e-17
7.841800000000000159e-02 3.381473740653043382e-17
7.808220000000000438e-02 3.383751776255989881e-17
7.774920000000000442e-02 3.404739035654051561e-17
7.741900000000000170e-02 3.394684013336785452e-17
7.709169999999999912e-02 3.385576483270149913e-17
7.676710000000000478e-02 3.371439059277407217e-17
7.644520000000000481e-02 3.410497976502336311e-17
7.612599999999999922e-02 3.329892995708402700e-17
7.580950000000000188e-02 3.434035749539387604e-17
7.549559999999999604e-02 3.388846892405707951e-17
7.518429999999999558e-02 3.438120415759773921e-17
7.487549999999999761e-02 3.464954866653335252e-17
7.456930000000000502e-02 3.481528035150916908e-17
7.426549999999999818e-02 3.473936731128549094e-17
7.396419999999999384e-02 3.458587412615904924e-17
7.366540000000000588e-02 3.489969835637092788e-17
7.336900000000000366e-02 3.463114880621460199e-17
7.307489999999999819e-02 3.460361736836040768e-17
7.278320000000000622e-02 3.468930298553748876e-17
7.249379999999999713e-02 3.476459857094983150e-17
7.220669999999999866e-02 3.521146374893648431e-17
7.192179999999999407e-02 3.472049356164226787e-17
7.163920000000000010e-02 3.530556897738984366e-17
7.135880000000000001e-02 3.528790439482197683e-17
7.108059999999999379e-02 3.430264246568516347e-17
7.080459999999999532e-02 3.502109128438152347e-17
7.053070000000000173e-02 3.541824603836655278e-17
7.025889999999999913e-02 3.559413180950880272e-17
6.998920000000000141e-02 3.577859331231754850e-17
6.972159999999999469e-02 3.590806666939994398e-17
6.945590000000000097e-02 3.560495257103620705e-17
6.919240000000000113e-02 3.565476989487841259e-17
6.893080000000000040e-02 3.589794994822452052e-17
6.867109999999999881e-02 3.555955950190487763e-17
6.841350000000000209e-02 3.584685412227015931e-17
6.815770000000000162e-02 3.563978326987475554e-17
6.790390000000000315e-02 3.632929230359590252e-17
6.765190000000000092e-02 3.637788121173099384e-17
6.740179999999999783e-02 3.654113188794549487e-17
6.715350000000000485e-02 3.592808701141434360e-17
6.690709999999999713e-02 3.590638264723829211e-17
6.666249999999999953e-02 3.650918538676858506e-17
6.641959999999999531e-02 3.641530841112126393e-17
6.617850000000000121e-02 3.683277110432423592e-17
6.593920000000000337e-02 3.702935628123460217e-17
6.570159999999999889e-02 3.690788429396495723e-17
6.546570000000000167e-02 3.619283082733933201e-17
6.523139999999999494e-02 3.584964564010115984e-17
6.499889999999999834e-02 3.601230360498768406e-17
6.476800000000000612e-02 3.593174974629507739e-17
6.453870000000000440e-02 3.545396070897102360e-17
6.431109999999999605e-02 3.587670675195890389e-17
6.408500000000000307e-02 3.597930455665761048e-17
6.386050000000000060e-02 3.611324269714431340e-17
6.363760000000000250e-02 3.651974495968236326e-17
6.341629999999999490e-02 3.705038994049181227e-17
6.319650000000000267e-02 3.628855347369229308e-17
6.297819999999999807e-02 3.688664799124045491e-17
6.276139999999999497e-02 3.645618661044321364e-17
6.256760000000000099e-02 3.723667874055449613e-17
6.235360000000000208e-02 3.679795729765861930e-17
6.211989999999999873e-02 3.671962235196367724e-17
6.190899999999999875e-02 3.653124558421463054e-17
6.169940000000000146e-02 3.689607475886530982e-17
6.149140000000000161e-02 3.754437939889111722e-17
6.128469999999999751e-02 3.762121011263730049e-17
6.107930000000000303e-02 3.855109409460409896e-17
6.087540000000000312e-02 3.837966737889965025e-17
6.067279999999999895e-02 3.779437343456829234e-17
6.047160000000000035e-02 3.836116804511553362e-17
6.027169999999999750e-02 3.850635411356428457e-17
6.007309999999999733e-02 3.935032895445056329e-17
5.987579999999999986e-02 3.919012805409317927e-17
5.967979999999999813e-02 4.004471162183861827e-17
5.948509999999999909e-02 3.980674285246589461e-17
5.929170000000000273e-02 3.965125889924891718e-17
5.909949999999999926e-02 4.013777219574385947e-17
5.890850000000000253e-02 4.021976530593508340e-17
5.871880000000000155e-02 3.997922271476185600e-17
5.853030000000000038e-02 3.931944039537205000e-17
5.834299999999999903e-02 4.005361774394702658e-17
5.815689999999999749e-02 4.027109494615136772e-17
5.797200000000000270e-02 4.105544511881724572e-17
5.778819999999999790e-02 3.881087785783215522e-17
5.760559999999999986e-02 3.928414006988178651e-17
5.742420000000000163e-02 3.947906024014731629e-17
5.724390000000000034e-02 4.064702099029777510e-17
5.706470000000000292e-02 4.050832117790866237e-17
5.679809999999999720e-02 4.079349228788916854e-17
5.644640000000000074e-02 4.163694628344621562e-17
5.609900000000000303e-02 4.071901513564888275e-17
5.575589999999999713e-02 4.251790500575458001e-17
5.541700000000000098e-02 4.197261404743970098e-17
5.508210000000000189e-02 4.225095911971771082e-17
5.475130000000000274e-02 4.180294888125792055e-17
5.442439999999999778e-02 4.312880728977984992e-17
5.410140000000000088e-02 4.193581079677629822e-17
5.378229999999999816e-02 4.266466909568192108e-17
5.346680000000000182e-02 4.233313252764629490e-17
5.315509999999999680e-02 4.256474365378941881e-17
5.284690000000000221e-02 4.181001625950394228e-17
5.254230000000000012e-02 4.155835791652669679e-17
5.224120000000000152e-02 4.163317408446080265e-17
5.194349999999999662e-02 4.198042099941151535e-17
5.164930000000000215e-02 4.123186875267765544e-17
5.135830000000000256e-02 4.060921467944791958e-17
5.107049999999999784e-02 4.144157267136466294e-17
5.078599999999999781e-02 3.941783773568037610e-17
5.050469999999999959e-02 3.966729853763558000e-17
5.022639999999999744e-02 3.966922406685140940e-17
4.995120000000000116e-02 3.868781825807018947e-17
4.967900000000000094e-02 3.826969495049407551e-17
4.940970000000000084e-02 3.905069599444707883e-17
4.914339999999999681e-02 3.909012292020110270e-17
4.887989999999999696e-02 3.812272811719305586e-17
4.861920000000000130e-02 3.738996760778249869e-17
4.836120000000000002e-02 3.771412628850243047e-17
4.810600000000000293e-02 3.696728523846913425e-17
4.785350000000000020e-02 3.859601840293913161e-17
4.760360000000000286e-02 3.734137034081250742e-17
4.735629999999999701e-02 3.773237678876354615e-17
4.711159999999999654e-02 3.760670653504415605e-17
4.686939999999999856e-02 3.583958529943356786e-17
4.662960000000000022e-02 3.667745932312467359e-17
4.639229999999999743e-02 3.645699215569054995e-17
4.615740000000000121e-02 3.595607775225964790e-17
4.592489999999999767e-02 3.516639430991444148e-17
4.569469999999999782e-02 3.598816062566308557e-17
4.546680000000000166e-02 3.590002706874078378e-17
4.524120000000000225e-02 3.654027052832652462e-17
4.501770000000000077e-02 3.541808515577157193e-17
4.479650000000000298e-02 3.488612277596091824e-17
4.457749999999999907e-02 3.462817845594000847e-17
4.436049999999999716e-02 3.436012201043774940e-17
4.414570000000000299e-02 3.394553965184922243e-17
4.393299999999999983e-02 3.374744379036918437e-17
4.372229999999999867e-02 3.488422655262038869e-17
4.351359999999999950e-02 3.369954546852513725e-17
4.330690000000000234e-02 3.402202732034371518e-17
4.310209999999999736e-02 3.346415468371926386e-17
4.289930000000000132e-02 3.370916632096959941e-17
4.269830000000000153e-02 3.354142002357745815e-17
4.249929999999999680e-02 3.292475966788950973e-17
4.230210000000000220e-02 3.303450644105525163e-17
4.210669999999999691e-02 3.249264799998933846e-17
4.191310000000000174e-02 3.206251914097036686e-17
4.172119999999999995e-02 3.200188288721797364e-17
4.153119999999999729e-02 3.157665836643072974e-17
4.134279999999999899e-02 3.082876710039344896e-17
4.115619999999999695e-02 3.105674309912244770e-17
4.097119999999999929e-02 3.120590507569210092e-17
4.078790000000000193e-02 3.114102653007274389e-17
4.060620000000000202e-02 3.142031685003775923e-17
4.042609999999999953e-02 3.064415886839538195e-17
4.024769999999999737e-02 3.039717388006907666e-17
4.007070000000000076e-02 3.063859661326315330e-17
3.989539999999999753e-02 3.021302721560701457e-17
3.972149999999999986e-02 2.650973148488036143e-17
3.954919999999999963e-02 2.887580092484707620e-17
3.937840000000000090e-02 2.958378611406915321e-17
3.920900000000000080e-02 2.558571655725807885e-17
3.904110000000000219e-02 2.846738240440647035e-17
3.887460000000000221e-02 2.697127609569324674e-17
3.870950000000000085e-02 2.478156268626097872e-17
3.854579999999999812e-02 2.658392802004378865e-17
3.838350000000000095e-02 2.636439797457670082e-17
3.822260000000000241e-02 2.380150243010250222e-17
3.806299999999999961e-02 2.618069151100338779e-17
3.790480000000000238e-02 2.539506805133906617e-17
3.774779999999999802e-02 2.292171909984824356e-17
3.759210000000000329e-02 2.362268381354562375e-17
3.743780000000000024e-02 2.320500888586162886e-17
3.728460000000000107e-02 2.250411305429206848e-17
3.713280000000000053e-02 2.226145543811703660e-17
3.698209999999999692e-02 2.239785417315875062e-17
3.683270000000000294e-02 2.178681192693719652e-17
3.668450000000000183e-02 1.960731740961831596e-17
3.653739999999999766e-02 1.934087638388780524e-17
3.639160000000000311e-02 1.982389179771101349e-17
3.624689999999999857e-02 1.915675989115646121e-17
3.610329999999999789e-02 1.983256395236770279e-17
3.596089999999999703e-02 2.003790220145271214e-17
3.581960000000000005e-02 2.008241504197766221e-17
3.567940000000000000e-02 2.035880773020137886e-17
3.554029999999999689e-02 2.065520382297567053e-17
3.540229999999999766e-02 2.108861476685733406e-17
3.526540000000000230e-02 2.079698166474984694e-17
3.512950000000000100e-02 2.105866528125072389e-17
3.499460000000000071e-02 2.153585667187098663e-17
3.486079999999999735e-02 2.129707251980138174e-17
3.472800000000000192e-02 2.146393944112170255e-17
3.459620000000000056e-02 2.194964978327508116e-17
3.446540000000000020e-02 2.155368085157156629e-17
3.433560000000000084e-02 2.194232338105395114e-17
3.420669999999999961e-02 2.226686615523227173e-17
3.407890000000000225e-02 2.205300951408992980e-17
3.395190000000000013e-02 2.151907961773662859e-17
3.382589999999999902e-02 2.184994865121629835e-17
3.370089999999999891e-02 2.196951487741507719e-17
3.357679999999999693e-02 2.178269150754894661e-17
3.345360000000000000e-02 2.264772829452253348e-17
3.333119999999999833e-02 2.235988318993141295e-17
3.320979999999999766e-02 2.307775002724641937e-17
3.308930000000000204e-02 2.245353227243570645e-17
3.296960000000000168e-02 2.212799376453975035e-17
3.285079999999999945e-02 2.234168204342848287e-17
3.273279999999999940e-02 2.270136679812444919e-17
3.261569999999999747e-02 2.288966053700044304e-17
3.249939999999999773e-02 2.246681432120243980e-17
3.238400000000000306e-02 2.218817214063227517e-17
3.226939999999999670e-02 2.234609457578923721e-17
3.215549999999999659e-02 2.167377056062835394e-17
3.204250000000000154e-02 2.047704381600363868e-17
3.193030000000000174e-02 2.149421985666472873e-17
3.181880000000000125e-02 2.173690208977501421e-17
3.170810000000000295e-02 2.126791477237859954e-17
3.159819999999999990e-02 2.097706788030118838e-17
3.148909999999999904e-02 2.039483309636745422e-17
3.138069999999999748e-02 2.095865381329334404e-17
3.127300000000000219e-02 2.036519519881955466e-17
3.116609999999999867e-02 1.969370805289047147e-17
3.105990000000000140e-02 1.963122809991857920e-17
3.095449999999999938e-02 1.930310092413213257e-17
3.084970000000000073e-02 1.904358562270311014e-17
3.074570000000000081e-02 1.888695417795745127e-17
3.064230000000000079e-02 1.875519305771965409e-17
3.053969999999999949e-02 1.854440560757679921e-17
3.043770000000000156e-02 1.846812387946054858e-17
3.033639999999999948e-02 1.842806495918479431e-17
3.023580000000000018e-02 1.835717511249846254e-17
3.013580000000000078e-02 1.825973993735970529e-17
3.003660000000000010e-02 1.812544619005749047e-17
2.993789999999999993e-02 1.816109810612624856e-17
2.983989999999999906e-02 1.812144416640545304e-17
2.974260000000000098e-02 1.808009496172357287e-17
2.964579999999999993e-02 1.807230821748486674e-17
2.954970000000000166e-02 1.795677212193670575e-17
2.945429999999999923e-02 1.789983717359318991e-17
2.935940000000000077e-02 1.792322621931308139e-17
2.926509999999999875e-02 1.779068959901054557e-17
2.917149999999999951e-02 1.776460551839365232e-17
2.907840000000000077e-02 1.768995562133931499e-17
2.898600000000000135e-02 1.763961165759708424e-17
2.889409999999999895e-02 1.755572336309182770e-17
2.880279999999999993e-02 1.746436227019744882e-17
2.871210000000000082e-02 1.744598471564605549e-17
2.862200000000000161e-02 1.742092402283639857e-17
2.853239999999999943e-02 1.742170563717240038e-17
2.839900000000000063e-02 1.731115493724287288e-17
2.822320000000000037e-02 1.719956098811516751e-17
2.804950000000000152e-02 1.716558343659005864e-17
2.787800000000000000e-02 1.706983496110428065e-17
2.770850000000000049e-02 1.697360400434421841e-17
2.754109999999999892e-02 1.690038364788708926e-17
2.737569999999999934e-02 1.694570422493960286e-17
2.721219999999999889e-02 1.720368507073783529e-17
2.705070000000000044e-02 1.692560790744348409e-17
2.689110000000000111e-02 1.707199102099192101e-17
2.673340000000000091e-02 1.725543711518404010e-17
2.657750000000000043e-02 1.759008404897394121e-17
2.642349999999999907e-02 1.745968521234954667e-17
2.627120000000000150e-02 1.733549719651950785e-17
2.612060000000000076e-02 1.688690864657318688e-17
2.597179999999999975e-02 1.706788031250507712e-17
2.582459999999999964e-02 1.685128549022478925e-17
2.567909999999999984e-02 1.628397612197787934e-17
2.553530000000000036e-02 1.646797439214408035e-17
2.539299999999999891e-02 1.611049605015786206e-17
2.525229999999999836e-02 1.615856519861321398e-17
2.511319999999999872e-02 1.565003547699323794e-17
2.497560000000000058e-02 1.541123916298538790e-17
2.483950000000000047e-02 1.522893439942774419e-17
2.470489999999999839e-02 1.485123542975071033e-17
2.457169999999999840e-02 1.452128393658502646e-17
2.443990000000000051e-02 1.435949914691354789e-17
2.430960000000000065e-02 1.400437864908727054e-17
2.418060000000000001e-02 1.388909791427980921e-17
2.405300000000000146e-02 1.376132067469306654e-17
2.392680000000000154e-02 1.363622854596827526e-17
2.380180000000000143e-02 1.352183583246585872e-17
2.367819999999999994e-02 1.343438470281250932e-17
2.355579999999999827e-02 1.329501816177900839e-17
2.343469999999999928e-02 1.320702828357079355e-17
2.331480000000000011e-02 1.312323974892923058e-17
2.319620000000000015e-02 1.307678567390345264e-17
2.307870000000000060e-02 1.298575571075827943e-17
2.296250000000000027e-02 1.294123310604851534e-17
2.284740000000000035e-02 1.282595141213967910e-17
2.273340000000000083e-02 1.279206215122433967e-17
2.262060000000000112e-02 1.277286898752160306e-17
2.250889999999999835e-02 1.273390501467222616e-17
2.239829999999999946e-02 1.273641370416485807e-17
2.228870000000000157e-02 1.277276183458481874e-17
2.218030000000000002e-02 1.283497943336849528e-17
2.207289999999999947e-02 1.276025104985175429e-17
2.196649999999999991e-02 1.253542031751034657e-17
2.186110000000000136e-02 1.261947319114713935e-17
2.175679999999999975e-02 1.268468664963777676e-17
2.165339999999999973e-02 1.251330637042482328e-17
2.155100000000000071e-02 1.263248004442393934e-17
2.144959999999999922e-02 1.257898083697566537e-17
2.134919999999999873e-02 1.258106848096533254e-17
2.124960000000000043e-02 1.214023900784727297e-17
2.115099999999999966e-02 1.165981980151702918e-17
2.105330000000000049e-02 1.168836223212529674e-17
2.095649999999999943e-02 1.117146893339470880e-17
2.086059999999999998e-02 1.096916685291604691e-17
2.076559999999999864e-02 1.081308008450456937e-17
2.067139999999999950e-02 1.064240128137952119e-17
2.057809999999999848e-02 1.061366809616474457e-17
2.048559999999999964e-02 1.046070474794290394e-17
2.039389999999999953e-02 1.028132968208247481e-17
2.030310000000000101e-02 1.039072563727915282e-17
2.021310000000000121e-02 1.025265226861257213e-17
2.012380000000000072e-02 9.945780345795261517e-18
2.003539999999999835e-02 9.744783527689169065e-18
1.994769999999999877e-02 9.565789390252592439e-18
1.986080000000000137e-02 9.393751135527372106e-18
1.977459999999999982e-02 9.502969465149674880e-18
1.968920000000000045e-02 9.432544622779265316e-18
1.960450000000000040e-02 9.405911965482605773e-18
1.952049999999999966e-02 9.369629730655349820e-18
1.943730000000000110e-02 9.179317083388136205e-18
1.935479999999999839e-02 9.123019356668836517e-18
1.927289999999999906e-02 9.316295850970501576e-18
1.919179999999999844e-02 9.181254324297411641e-18
1.911130000000000120e-02 9.116887725677871972e-18
1.903149999999999981e-02 9.065133203553123254e-18
1.895240000000000119e-02 8.927722467368809937e-18
1.887389999999999901e-02 9.002119833031508384e-18
1.879609999999999961e-02 8.892582127980165919e-18
1.871890000000000012e-02 8.818219305951941140e-18
1.864230000000000054e-02 8.795238070136056863e-18
1.856640000000000026e-02 8.714467033594113171e-18
1.849109999999999990e-02 8.693656840960666068e-18
1.841630000000000003e-02 8.521499412561446169e-18
1.834219999999999948e-02 8.482574976002018978e-18
1.826869999999999883e-02 8.475357114750491189e-18
1.819580000000000156e-02 8.460512026467858864e-18
1.812340000000000131e-02 8.392035912909847601e-18
1.805170000000000038e-02 8.260510878139310454e-18
1.798049999999999995e-02 8.239782614076525246e-18
1.790980000000000003e-02 8.242797746392754501e-18
1.783970000000000000e-02 8.207524811239224598e-18
1.777019999999999988e-02 8.198980091849204305e-18
1.770120000000000027e-02 8.138671967990039250e-18
1.763270000000000115e-02 8.164978317686072488e-18
1.756469999999999906e-02 8.091923997661719109e-18
1.749730000000000035e-02 8.034364258713452785e-18
1.743039999999999867e-02 7.966453268998074049e-18
1.736400000000000096e-02 7.962879209699748680e-18
1.729810000000000028e-02 7.989628126067904058e-18
1.723270000000000010e-02 7.904258885795980035e-18
1.716780000000000042e-02 7.845451057573689292e-18
1.710340000000000124e-02 7.813838415588644167e-18
1.703939999999999969e-02 7.753630730956651336e-18
1.697600000000000151e-02 7.728737627791162318e-18
1.691300000000000095e-02 7.691986882599629841e-18
1.685040000000000149e-02 7.675879483700942042e-18
1.678839999999999846e-02 7.638474295687195647e-18
1.672680000000000000e-02 7.642619142854599114e-18
1.666559999999999916e-02 7.582431689933248042e-18
1.660489999999999883e-02 7.568923860710674798e-18
1.654459999999999958e-02 7.520639159549969320e-18
1.648480000000000084e-02 7.576963991539754586e-18
1.642539999999999972e-02 7.434917881118899712e-18
1.636639999999999970e-02 7.501824324040691644e-18
1.630790000000000017e-02 7.399283609851242965e-18
1.624969999999999887e-02 7.403693616578372473e-18
1.619200000000000153e-02 7.311329948376564633e-18
1.613469999999999835e-02 7.327647987250239652e-18
1.607779999999999973e-02 7.271697769600264856e-18
1.602129999999999874e-02 7.200604961078278457e-18
1.596509999999999943e-02 7.183560243063942611e-18
1.590940000000000062e-02 7.149997492226193473e-18
1.585409999999999944e-02 7.096058041262456667e-18
1.579909999999999995e-02 7.039070219791555448e-18
1.574450000000000155e-02 7.077234834929526920e-18
1.569030000000000077e-02 7.034481447225083325e-18
1.563650000000000109e-02 7.026852589721643587e-18
1.558310000000000077e-02 6.994913341748874075e-18
1.553000000000000040e-02 6.962040397932311836e-18
1.547719999999999999e-02 6.915288537915088643e-18
1.542490000000000007e-02 6.867415680212508442e-18
1.537280000000000070e-02 6.810920479848743570e-18
1.532120000000000010e-02 6.766394518284173433e-18
1.526980000000000004e-02 6.764482618964521424e-18
1.521890000000000048e-02 6.714291000482967314e-18
1.516819999999999974e-02 6.657198610320647860e-18
1.511790000000000009e-02 6.635707098713165392e-18
1.506790000000000039e-02 6.623239180483155013e-18
1.501830000000000005e-02 6.618021024282024884e-18
1.496899999999999967e-02 6.576728454536252541e-18
1.491999999999999924e-02 6.520537209382776116e-18
1.487130000000000049e-02 6.485207927023549936e-18
1.482289999999999996e-02 6.451012947217066849e-18
1.477490000000000053e-02 6.405816024973297204e-18
1.472709999999999991e-02 6.341248276154028253e-18
1.467970000000000039e-02 6.306263257904481735e-18
1.463260000000000081e-02 6.274565794059633263e-18
1.458570000000000005e-02 6.252475099854076096e-18
1.453920000000000039e-02 6.198292324871880046e-18
1.449300000000000067e-02 6.143032969254604249e-18
1.444709999999999918e-02 6.099420503793233117e-18
1.440139999999999997e-02 6.086906703219182181e-18
1.435610000000000011e-02 6.073866846198447500e-18
1.431100000000000080e-02 6.066784090360401395e-18
1.426619999999999971e-02 6.015737257169113405e-18
1.419950000000000032e-02 5.925213576997305048e-18
1.411160000000000019e-02 5.850296698090629026e-18
1.402480000000000046e-02 5.805906843667640817e-18
1.393900000000000000e-02 5.745401059672080247e-18
1.385420000000000054e-02 5.647486592271103953e-18
1.377049999999999975e-02 5.571580709341426623e-18
1.368779999999999997e-02 5.542214282773133900e-18
1.360609999999999944e-02 5.501352195022178536e-18
1.352539999999999992e-02 5.446209194386532676e-18
1.344560000000000026e-02 5.371431321238922531e-18
1.336670000000000046e-02 5.330907753646085396e-18
1.328879999999999992e-02 5.283293954552829696e-18
1.321169999999999983e-02 5.190340129962538189e-18
1.313560000000000075e-02 5.132641657000594675e-18
1.306030000000000038e-02 5.082946522673375191e-18
1.298589999999999987e-02 5.044215089280346075e-18
1.291229999999999982e-02 4.990317641628427912e-18
1.283959999999999962e-02 4.947642724401360485e-18
1.276760000000000048e-02 4.900325905720070506e-18
1.269649999999999945e-02 4.867484910635930860e-18
1.262620000000000062e-02 4.841320007079128429e-18
1.255659999999999936e-02 4.808050378934486149e-18
1.248780000000000029e-02 4.758956579855091663e-18
1.241970000000000053e-02 4.707908089549764468e-18
1.235239999999999949e-02 4.657788542208085361e-18
1.228579999999999950e-02 4.614541339848131580e-18
1.221999999999999996e-02 4.599191156812167287e-18
1.215480000000000033e-02 4.558728715946867368e-18
1.209030000000000001e-02 4.525695154620290239e-18
1.202650000000000073e-02 4.448320120206680120e-18
1.196340000000000077e-02 4.411857494396087305e-18
1.190090000000000071e-02 4.345746082572841780e-18
1.183909999999999997e-02 4.331226673146608504e-18
1.177789999999999913e-02 4.306117527068397324e-18
1.171729999999999994e-02 4.276561539441972471e-18
1.165740000000000005e-02 4.226155668370257729e-18
1.159810000000000008e-02 4.174037566899831787e-18
1.153940000000000000e-02 4.146795741694128512e-18
1.148120000000000043e-02 4.131788895636514692e-18
1.142370000000000017e-02 4.095482368902801835e-18
1.136670000000000041e-02 4.064671322532369253e-18
1.131030000000000056e-02 4.018780730220211348e-18
1.125439999999999947e-02 3.988849861836927523e-18
1.119910000000000003e-02 3.950671361042405909e-18
1.114440000000000049e-02 3.918287580239697371e-18
1.109010000000000030e-02 3.866695066321952705e-18
1.103640000000000003e-02 3.835346113274530139e-18
1.098320000000000025e-02 3.810180465468738848e-18
1.093060000000000039e-02 3.780282718052885327e-18
1.087839999999999988e-02 3.760504449228899293e-18
1.082669999999999987e-02 3.731515179684722600e-18
1.077550000000000036e-02 3.700315588559864462e-18
1.072479999999999961e-02 3.669944126056281909e-18
1.067459999999999937e-02 3.652104450474506679e-18
1.062480000000000022e-02 3.630304103962084570e-18
1.057549999999999983e-02 3.605635956958083900e-18
1.052669999999999995e-02 3.580435063242483892e-18
1.047829999999999942e-02 3.554704952308337679e-18
1.043029999999999999e-02 3.538624735408241507e-18
1.038279999999999932e-02 3.527959918169411716e-18
1.033569999999999975e-02 3.524531181911200222e-18
1.028899999999999954e-02 3.503869857795942990e-18
1.024279999999999982e-02 3.489574615936732923e-18
1.019699999999999947e-02 3.457558897745785623e-18
1.015160000000000021e-02 3.428413102857454140e-18
1.010649999999999916e-02 3.413071091365190446e-18
1.006190000000000036e-02 3.372992877166801663e-18
1.001769999999999917e-02 3.341951117895302782e-18
9.973839999999999442e-03 3.308632505246511836e-18
9.930380000000000804e-03 3.284220640786194830e-18
9.887299999999999908e-03 3.275308493922654398e-18
9.844590000000000285e-03 3.282772250649989454e-18
9.802250000000000199e-03 3.271561442575258195e-18
9.760269999999999710e-03 3.231900558960517794e-18
9.718650000000000552e-03 3.201509518000897447e-18
9.677379999999999316e-03 3.171661769605314361e-18
9.636459999999999471e-03 3.152877705265102909e-18
9.595889999999999281e-03 3.157957163685275034e-18
9.555650000000000602e-03 3.142416620340032332e-18
9.515749999999999903e-03 3.113075548149382253e-18
9.476190000000000654e-03 3.099677626615870345e-18
9.436949999999999505e-03 3.065344864437405955e-18
9.398029999999999926e-03 3.030120726230422652e-18
9.359440000000000121e-03 3.033427002293928825e-18
9.321160000000000209e-03 3.028324184426971482e-18
9.283190000000000192e-03 3.008957485184382423e-18
9.245530000000000068e-03 3.003993208445159635e-18
9.208169999999999897e-03 2.994470821610376475e-18
9.171119999999999620e-03 2.959754011797259567e-18
9.134359999999999355e-03 2.920469017061487990e-18
9.097900000000000778e-03 2.888289878653175953e-18
4.558050000000000122e-03 6.074308698872880755e-19
2.279020000000000091e-03 1.566958510670646500e-19
1.519350000000000041e-03 7.014867445824670880e-20
1.139510000000000045e-03 3.955760331616865868e-20
9.116089999999999654e-04 2.531494791960092862e-20
7.596740000000000046e-04 1.757073716263439780e-20
6.511489999999999553e-04 1.289777433834257621e-20
5.697560000000000385e-04 9.862119723306876100e-21
