# E(Ryd) fnu(erg/s/Hz/cm^2)
0.000569779 4.380222898293054e-19
0.000651176 3.7328385899815476e-19
0.000759707 3.087771193042495e-19
0.000911647 2.4798368610411286e-19
0.00113956 1.9706364487031363e-19
0.00151941 1.6983391114820168e-19
0.00227912 2.1335101395678636e-19
0.00455823 7.00541731081373e-19
0.00909829 2.6804895052380174e-18
0.00913475 2.701769602827636e-18
0.00917151 2.7232186406621394e-18
0.00920858 2.744964367308676e-18
0.00924592 2.7664333481805464e-18
0.0092836 2.7878609661443824e-18
0.00932155 2.8102561777929858e-18
0.00935984 2.8314103235176396e-18
0.00939842 2.8561296069675458e-18
0.00943735 2.879019531635233e-18
0.00947661 2.9013218665819544e-18
0.00951617 2.9258928065131987e-18
0.00955607 2.948355931063516e-18
0.0095963 2.9729651013568293e-18
0.00963686 2.997526361791554e-18
0.0096778 3.0225800476227445e-18
0.00971906 3.0471154639385236e-18
0.00976069 3.0725928188138866e-18
0.00980266 3.0985207667149237e-18
0.00984502 3.12418836874147e-18
0.00988774 3.150511804543684e-18
0.0099308 3.1765215880104836e-18
0.00997425 3.2023294637585773e-18
0.0100181 3.228318026739907e-18
0.0100624 3.2583941037436043e-18
0.010107 3.285256711507099e-18
0.010152 3.3123163718235564e-18
0.0101974 3.3429325286819152e-18
0.0102432 3.3715213269158096e-18
0.0102895 3.4016232496330455e-18
0.0103362 3.4311239807130727e-18
0.0103832 3.4631644219259368e-18
0.0104308 3.493928483043545e-18
0.0104787 3.52531485640063e-18
0.0105271 3.556278066084587e-18
0.010576 3.5875925310823175e-18
0.0106253 3.620178720022517e-18
0.010675 3.653244265041557e-18
0.0107253 3.687215418723994e-18
0.010776 3.7204400530137535e-18
0.0108272 3.7535077006556555e-18
0.0108789 3.786409762450754e-18
0.010931 3.8215276940186114e-18
0.0109837 3.859815192469958e-18
0.0110369 3.895735036293772e-18
0.0110906 3.933200730925898e-18
0.0111448 3.9684015555436405e-18
0.0111996 4.005695303032977e-18
0.0112549 4.045936023539521e-18
0.0113108 4.08286585542075e-18
0.0113672 4.1220305975869526e-18
0.0114242 4.163512867467625e-18
0.0114817 4.2034860570017855e-18
0.0115398 4.244693255032766e-18
0.0115986 4.286071495610024e-18
0.0116579 4.327978664711173e-18
0.0117178 4.370814862670428e-18
0.0117784 4.4136420762504135e-18
0.0118396 4.455834083790698e-18
0.0119014 4.5017120406373044e-18
0.0119639 4.546153664250366e-18
0.012027 4.5918258773469906e-18
0.0120908 4.635770326018625e-18
0.0121553 4.677111368633322e-18
0.0122205 4.727628163790706e-18
0.0122864 4.77919016128194e-18
0.012353 4.83147694163457e-18
0.0124203 4.880333617458467e-18
0.0124883 4.933930312888651e-18
0.0125571 4.983582030382115e-18
0.0126267 5.0342503762588614e-18
0.012697 5.091866529571157e-18
0.0127682 5.148037611535961e-18
0.0128401 5.204039822193728e-18
0.0129129 5.258234026431889e-18
0.0129865 5.313713211111263e-18
0.0130609 5.374542620203084e-18
0.0131362 5.431301492154981e-18
0.0132123 5.491935287188279e-18
0.0132893 5.555628679749275e-18
0.0133673 5.617365869389258e-18
0.0134461 5.68080538337746e-18
0.0135259 5.742254161920225e-18
0.0136067 5.809726811304765e-18
0.0136884 5.875465915456234e-18
0.0137711 5.9399516673763774e-18
0.0138549 6.010745101836204e-18
0.0139396 6.077177359348804e-18
0.0140254 6.143466737167136e-18
0.0141122 6.2149238427736165e-18
0.0142001 6.290697635804303e-18
0.0142668 6.3413410522858806e-18
0.0143116 6.385955843022446e-18
0.0143567 6.4140820500333734e-18
0.014402 6.457120798836938e-18
0.0144477 6.480331328627825e-18
0.0144936 6.527659782729631e-18
0.0145399 6.561702123942178e-18
0.0145864 6.599878054665662e-18
0.0146332 6.634416174884765e-18
0.0146803 6.688213239293971e-18
0.0147277 6.723888625879606e-18
0.0147755 6.7619057201990445e-18
0.0148235 6.798022711721691e-18
0.0148719 6.835577493912415e-18
0.0149206 6.860903504230861e-18
0.0149696 6.9137219772824365e-18
0.0150189 6.95408686419824e-18
0.0150686 6.997319609525702e-18
0.0151185 7.0455712504982e-18
0.0151689 7.087108982359446e-18
0.0152195 7.126936859151166e-18
0.0152705 7.171841966488727e-18
0.0153218 7.182908119933289e-18
0.0153735 7.249153753904811e-18
0.0154255 7.275380491408055e-18
0.0154779 7.322659012155157e-18
0.0155306 7.37232226497364e-18
0.0155837 7.432710390413177e-18
0.0156372 7.46661934550894e-18
0.015691 7.507395767816258e-18
0.0157452 7.562385482939152e-18
0.0157998 7.597988137994274e-18
0.0158547 7.652395562544611e-18
0.0159101 7.69947851066549e-18
0.0159658 7.74949694144414e-18
0.0160219 7.768409509205938e-18
0.0160784 7.843234703926868e-18
0.0161354 7.896930415344264e-18
0.0161927 7.914190707286445e-18
0.0162504 7.976078345306195e-18
0.0163085 8.011287384028998e-18
0.0163671 8.098826797625432e-18
0.0164261 8.100423244111445e-18
0.0164855 8.20720367352518e-18
0.0165453 8.223861945768936e-18
0.0166056 8.265697573273357e-18
0.0166663 8.322320008464356e-18
0.0167275 8.385975923617511e-18
0.0167891 8.40343627737022e-18
0.0168512 8.493954127296087e-18
0.0169137 8.55350101391095e-18
0.0169767 8.601623143154148e-18
0.0170402 8.652888573888036e-18
0.0171041 8.702940436596693e-18
0.0171685 8.75921751534743e-18
0.0172334 8.798128712198071e-18
0.0172988 8.91551245793915e-18
0.0173647 8.946568906060989e-18
0.0174311 8.975674842077856e-18
0.017498 9.035893659283114e-18
0.0175655 9.108144482203357e-18
0.0176334 9.219097566947128e-18
0.0177019 9.225374627786513e-18
0.0177709 9.2567878639079e-18
0.0178405 9.342616265568723e-18
0.0179106 9.438350718408176e-18
0.0179812 9.479988515136742e-18
0.0180524 9.528850454513114e-18
0.0181242 9.64614111941424e-18
0.0181966 9.713188370250952e-18
0.0182695 9.744386719221148e-18
0.018343 9.821707837442499e-18
0.0184171 9.885660947271417e-18
0.0184918 9.954994196865113e-18
0.0185672 1.0021931065878451e-17
0.0186431 1.0108395161516004e-17
0.0187197 1.0162374871381897e-17
0.0187969 1.0255992892322781e-17
0.0188747 1.0351088248638873e-17
0.0189532 1.0332597479864648e-17
0.0190323 1.0465464556248956e-17
0.0191121 1.050900772298935e-17
0.0191926 1.0589725705891905e-17
0.0192738 1.0709357370803104e-17
0.0193556 1.070572568558092e-17
0.0194381 1.0793284162625507e-17
0.0195214 1.0825374042550661e-17
0.0196053 1.0909511670030015e-17
0.01969 1.1002683268116582e-17
0.0197755 1.1114699134171278e-17
0.0198616 1.1070991343707128e-17
0.0199485 1.1330258311802326e-17
0.0200362 1.1382779189239827e-17
0.0201247 1.1368660860405739e-17
0.0202139 1.1626570013151433e-17
0.020304 1.1740622146683634e-17
0.0203948 1.1672863612671444e-17
0.0204865 1.1971098691284825e-17
0.020579 1.2074660014665033e-17
0.0206723 1.2059139280474888e-17
0.0207665 1.2416354715598031e-17
0.0208615 1.2411029594259039e-17
0.0209574 1.25685336202926e-17
0.0210542 1.2922329514716964e-17
0.0211519 1.292621011841258e-17
0.0212505 1.3166720337324774e-17
0.0213501 1.3488834035059657e-17
0.0214506 1.3582675061899483e-17
0.021552 1.3729755747345436e-17
0.0216544 1.3783027136181515e-17
0.0217577 1.393656071645587e-17
0.0218621 1.3968321141054435e-17
0.0219674 1.418419885440031e-17
0.0220738 1.4340599634407124e-17
0.0221812 1.4465375480581926e-17
0.0222897 1.4550496446010288e-17
0.0223992 1.469208428744957e-17
0.0225098 1.4666588636063205e-17
0.0226215 1.4887103618627494e-17
0.0227344 1.5035663971210848e-17
0.0228483 1.515956052139662e-17
0.0229634 1.5384422954886554e-17
0.0230797 1.5508654152689506e-17
0.0231972 1.5681092303058216e-17
0.0233158 1.5703599521087102e-17
0.0234357 1.5936410615418707e-17
0.0235568 1.6085416522896217e-17
0.0236792 1.628140618792677e-17
0.0238028 1.6394395626749296e-17
0.0239278 1.646025697990198e-17
0.024054 1.6688196744332446e-17
0.0241816 1.6843021817020256e-17
0.0243106 1.676361241785821e-17
0.024441 1.7118098112004307e-17
0.0245727 1.729379120262876e-17
0.0247059 1.7353125641090922e-17
0.0248405 1.771144566711253e-17
0.0249767 1.7778155937112255e-17
0.0251143 1.8110065088655255e-17
0.0252534 1.8174217082741278e-17
0.0253941 1.8440263017427826e-17
0.0255364 1.8520163277777276e-17
0.0256802 1.874278015829886e-17
0.0258257 1.8931569110125645e-17
0.0259729 1.9155474360713203e-17
0.0261217 1.9326669109692075e-17
0.0262723 1.952040892118469e-17
0.0264246 1.972020890008495e-17
0.0265787 1.9879447550693764e-17
0.0267346 2.0016853524915574e-17
0.0268923 2.0245910432055102e-17
0.0270519 2.0473661149622054e-17
0.0272134 2.075737881869288e-17
0.0273768 2.096725664919981e-17
0.0275422 2.121911718243556e-17
0.0277097 2.123300740425474e-17
0.0278792 2.168114985539811e-17
0.0280507 2.1928388212517853e-17
0.0282244 2.2184544250877145e-17
0.0284003 2.2408661236375214e-17
0.0285336 2.261923492365713e-17
0.0286232 2.273481953476914e-17
0.0287133 2.282966880848468e-17
0.0288041 2.2980872391667303e-17
0.0288954 2.3079495497484766e-17
0.0289872 2.32066103976577e-17
0.0290797 2.333057332119389e-17
0.0291727 2.3461426320235774e-17
0.0292664 2.3479638776072514e-17
0.0293606 2.375012015923711e-17
0.0294555 2.3865267750910746e-17
0.029551 2.3970230551146712e-17
0.0296471 2.4196559110075875e-17
0.0297438 2.4287410386893796e-17
0.0298412 2.4441604437023724e-17
0.0299392 2.4530845160374042e-17
0.0300378 2.441438625623185e-17
0.0301371 2.4887181277634803e-17
0.0302371 2.5024425227875476e-17
0.0303377 2.516244920513365e-17
0.0304391 2.5307876775058493e-17
0.030541 2.549013943872701e-17
0.0306438 2.5634415017203722e-17
0.0307469 2.5798580529960273e-17
0.0308512 2.5929104092312358e-17
0.0309558 2.603535544406703e-17
0.0310613 2.624443401173885e-17
0.0311674 2.6342131365092946e-17
0.0312745 2.6490265508547384e-17
0.0313821 2.671220944025265e-17
0.0314904 2.6846323007719902e-17
0.0315995 2.6981575868338666e-17
0.0317096 2.6691335927596457e-17
0.0318203 2.730714592908618e-17
0.0319316 2.7508873815820177e-17
0.0320438 2.7615824316694276e-17
0.0321569 2.786855245306027e-17
0.0322707 2.7991341399266996e-17
0.0323853 2.816811020478337e-17
0.0325009 2.8340826488583414e-17
0.032617 2.8525923368835506e-17
0.0327341 2.8647597830275966e-17
0.0328521 2.879775358201109e-17
0.032971 2.8858111773745644e-17
0.0330908 2.869428524220248e-17
0.0332112 2.939465120170224e-17
0.0333326 2.952217913994101e-17
0.0334551 2.97005239758996e-17
0.0335783 2.987257850986423e-17
0.0337023 3.0017312821943733e-17
0.0338273 3.0222640915893235e-17
0.0339535 3.040388710120985e-17
0.0340803 3.00624804435068e-17
0.034208 3.046632784678132e-17
0.034337 3.0834492951533134e-17
0.0344668 3.1047955780569514e-17
0.0345976 3.1272241494188076e-17
0.0347296 3.0648294433578446e-17
0.0348621 3.113309602731652e-17
0.034996 3.188433116045331e-17
0.035131 3.2070550235492023e-17
0.0352669 3.197106556978892e-17
0.0354037 3.247055495281477e-17
0.0355418 3.196267443586655e-17
0.0356811 3.27140121918659e-17
0.0358213 3.298772847567025e-17
0.0359624 3.328291157648591e-17
0.036105 3.2932076166840467e-17
0.0362485 3.344891317486178e-17
0.0363933 3.4024512484919565e-17
0.0365389 3.339239824150195e-17
0.0366861 3.4010358608297464e-17
0.0368342 3.4173684940531805e-17
0.0369838 3.454971038269176e-17
0.0371343 3.461640084574869e-17
0.0372864 3.453116345190809e-17
0.0374393 3.490534309693898e-17
0.0375938 3.54996614388127e-17
0.0377495 3.5067879954760394e-17
0.0379064 3.5744671584080405e-17
0.0380646 3.5912092514473693e-17
0.0382242 3.569531437308871e-17
0.0383851 3.6637818864787724e-17
0.0385475 3.664600286317395e-17
0.0387111 3.6414798504476363e-17
0.0388762 3.735862738598626e-17
0.0390428 3.745137017626289e-17
0.0392107 3.7315607057225e-17
0.0393801 3.8337855063365544e-17
0.039551 3.874931336081724e-17
0.0397234 3.869434604026315e-17
0.039897 3.943813880534768e-17
0.0400725 3.968011399961356e-17
0.0402495 3.9855284278347037e-17
0.040428 3.998716467530265e-17
0.040608 4.0571635137088366e-17
0.0407895 4.0850239886157283e-17
0.0409729 4.114303367724772e-17
0.0411578 4.1345810632664917e-17
0.0413445 4.158519202138173e-17
0.041533 4.216370937707694e-17
0.0417231 4.229661490634041e-17
0.041915 4.2582858482155755e-17
0.0421084 4.1917378211986006e-17
0.0423039 4.340597452604517e-17
0.042501 4.3721546094046246e-17
0.0427002 4.389360096748572e-17
0.0429012 4.417902338557413e-17
0.043104 4.4480935363828783e-17
0.0433086 4.495885178980745e-17
0.0435154 4.516810924446403e-17
0.043724 4.562840746744602e-17
0.0439348 4.5926950659399336e-17
0.0441476 4.624159558702316e-17
0.0443623 4.676968137182513e-17
0.0445794 4.722885438859568e-17
0.0447984 4.7134739499176294e-17
0.0450198 4.7670851697929416e-17
0.045243 4.834466010460381e-17
0.0454686 4.858351259935508e-17
0.0456967 4.881822797921185e-17
0.0459269 4.916908327098781e-17
0.0461595 4.9388224225131385e-17
0.0463943 4.990340866106353e-17
0.0466318 5.033524782508415e-17
0.0468714 4.9335179332867534e-17
0.0471138 5.0950225583489625e-17
0.0473583 5.159842094310211e-17
0.0476058 5.200994699805351e-17
0.0478554 5.255635181906889e-17
0.0481081 5.1822732803080284e-17
0.0483633 5.305725913826632e-17
0.0486212 5.1810801551566056e-17
0.0488821 5.387110839189257e-17
0.0491454 5.441582415888095e-17
0.0494118 5.484745887728191e-17
0.0496812 5.552422573653154e-17
0.0499534 5.568407518646345e-17
0.0502286 5.516805988005717e-17
0.0505068 5.667332734038912e-17
0.0507881 5.75497592536369e-17
0.0510728 5.766514802612857e-17
0.0513604 5.81315912541457e-17
0.0516514 5.851735816995823e-17
0.0519458 5.908419342070329e-17
0.0522435 5.928965335586946e-17
0.0525446 5.845701177746714e-17
0.0528493 6.046542519550077e-17
0.0531573 6.168237839243246e-17
0.053469 6.157655829761456e-17
0.0537847 6.288891632232626e-17
0.0541036 6.150048082410069e-17
0.0544269 6.345907117216278e-17
0.0547538 6.429717785465065e-17
0.0550844 6.463603555855431e-17
0.0554195 6.34727494697939e-17
0.0557582 6.538433502267699e-17
0.0561015 6.630047062504674e-17
0.0564488 6.511799367306244e-17
0.0568006 6.6695419911673e-17
0.0570673 6.743913810118184e-17
0.0572464 6.694522587148084e-17
0.0574268 6.366807382711845e-17
0.057608 6.76224982293334e-17
0.0577908 6.71363167512322e-17
0.0579745 6.60415125253412e-17
0.0581593 6.759805671812395e-17
0.0583454 6.911958329074319e-17
0.0585328 6.61918182703003e-17
0.0587213 6.875408570812808e-17
0.0589111 6.881373191482544e-17
0.059102 6.696682536099389e-17
0.0592942 6.92315430202678e-17
0.0594876 6.792435313666178e-17
0.0596822 6.784057358785372e-17
0.0598784 6.927276316418303e-17
0.0600757 6.854478384047823e-17
0.0602743 6.828638325524415e-17
0.0604741 6.753134681741889e-17
0.0606754 6.746878840049213e-17
0.0608779 6.861799298766852e-17
0.061082 6.881358931044725e-17
0.0612872 6.798471968405184e-17
0.061494 6.876960204773653e-17
0.061702 6.889739652094258e-17
0.0619115 6.941202446746507e-17
0.0621226 7.048065171081617e-17
0.0623561 7.026991224799418e-17
0.0625702 7.072844519375077e-17
0.0627642 6.982046087387623e-17
0.062981 7.120734795186792e-17
0.0631991 6.946582712519006e-17
0.0634189 7.196130179078719e-17
0.0636403 7.169951388323424e-17
0.0638632 7.135496725837194e-17
0.0640876 7.17195260964408e-17
0.0643139 7.248454401499311e-17
0.0645413 7.234934625285928e-17
0.0647706 7.298110105213553e-17
0.0650017 7.270450320055009e-17
0.0652344 7.322788843356275e-17
0.0654685 7.31706665381062e-17
0.0657045 7.369445496205037e-17
0.065942 7.360572778555607e-17
0.0661813 7.362878114437757e-17
0.0664225 7.322421275273087e-17
0.0666654 7.417400192069553e-17
0.0669099 7.444101930431573e-17
0.0671565 7.420941554340835e-17
0.0674047 7.498653934099063e-17
0.0676547 7.536310983803986e-17
0.0679067 7.55654218538755e-17
0.0681607 7.553991837226338e-17
0.0684164 7.583664492222504e-17
0.068674 7.56774885774873e-17
0.0689337 7.633568572053538e-17
0.0691952 7.602165345737433e-17
0.0694588 7.649236896276437e-17
0.0697246 7.707641584685445e-17
0.0699922 7.694710965820545e-17
0.0702619 7.72748394095061e-17
0.0705338 7.718128611665007e-17
0.0708078 7.75836149210561e-17
0.0710836 7.447784658750107e-17
0.0713618 7.829238286089516e-17
0.0716422 7.849984716485402e-17
0.071925 7.825294865295745e-17
0.0722097 7.841275469564151e-17
0.072497 7.82623908680015e-17
0.0727862 7.873060906724944e-17
0.0730782 7.935851111356296e-17
0.0733722 7.955929227924275e-17
0.0736687 7.962572711618559e-17
0.0739673 7.974925069068073e-17
0.0742687 8.001413436937736e-17
0.0745725 8.019214148164627e-17
0.0748787 8.06008665894687e-17
0.0751876 8.034328988722161e-17
0.0754987 8.029784891525927e-17
0.0758129 8.090005394364075e-17
0.0761294 7.995024725666009e-17
0.0764484 8.190115213618807e-17
0.0767704 7.99341960241576e-17
0.0770949 8.095660945768671e-17
0.0774224 8.064289519950553e-17
0.0777527 8.244961104320244e-17
0.0780857 8.09287646707233e-17
0.0784214 8.12587638251082e-17
0.0787601 8.262306682484054e-17
0.0791019 8.3333152435688e-17
0.0794465 8.35170625909283e-17
0.079794 8.199640487472308e-17
0.080145 8.307047833073582e-17
0.0804986 8.256346503504649e-17
0.0808556 8.265387349801176e-17
0.081216 8.444363331165649e-17
0.0815794 8.411288152097015e-17
0.0819458 8.44677471467468e-17
0.0823159 8.518933168570865e-17
0.0826893 8.526225433167655e-17
0.0830658 8.415627637412093e-17
0.0834462 8.263254165083521e-17
0.0838297 8.489797102984326e-17
0.0842171 8.484717972900497e-17
0.0846078 8.544084035108293e-17
0.0850023 8.578056673264746e-17
0.0854003 8.514948217369857e-17
0.0858023 8.673017270487005e-17
0.086208 8.706788825308848e-17
0.0866173 8.699532425765997e-17
0.0870309 8.673298857137992e-17
0.0874484 8.812215541627981e-17
0.0878698 8.802479274564475e-17
0.0882953 8.798839812178193e-17
0.0887249 8.924348291442258e-17
0.0891589 8.887657523935956e-17
0.0895968 8.863819654244457e-17
0.0900392 8.881900654225666e-17
0.0904863 8.746927185019495e-17
0.0909375 8.896148241637798e-17
0.0912562 9.024305959823424e-17
0.0914393 9.041140352870539e-17
0.091623 9.018016201195706e-17
0.0918075 9.034535135231791e-17
0.0919927 8.980140079497114e-17
0.0921788 8.985646127049762e-17
0.0923656 9.012706142198511e-17
0.0925532 9.015055633968e-17
0.0927414 9.099399049215266e-17
0.0929306 9.103418557297521e-17
0.0931203 9.049833961023544e-17
0.093311 9.096359401422511e-17
0.0935023 8.989484981685187e-17
0.0936944 9.126526332563388e-17
0.0938875 9.140214993367049e-17
0.0940812 9.037400133026237e-17
0.0942759 8.994739936957053e-17
0.0944714 9.073610054744246e-17
0.0946676 9.010104151511007e-17
0.0948646 9.112660933009165e-17
0.0950623 9.22029913626859e-17
0.0952611 9.093456867981968e-17
0.0954606 8.587390478123474e-17
0.095661 9.155412391298714e-17
0.095862 9.217938604289749e-17
0.0960642 9.297596855142395e-17
0.0962671 9.254869753905279e-17
0.0964708 9.135119043529513e-17
0.0966755 9.196003146540364e-17
0.0968807 8.932131561925772e-17
0.0970872 9.270876829668793e-17
0.0972943 9.285532431612717e-17
0.0975026 9.298761550916941e-17
0.0977115 9.294009481467229e-17
0.0979213 9.334247479887401e-17
0.0981321 9.314372692298801e-17
0.098344 9.172269594901321e-17
0.0985566 9.040730247670424e-17
0.0987701 8.62866505891724e-17
0.0989848 9.159857369246428e-17
0.0992001 9.3762377527932e-17
0.0994163 9.348170206555181e-17
0.0996337 9.393337164761597e-17
0.099852 9.374294891437297e-17
0.100071 9.209929614877509e-17
0.100291 9.05449871009464e-17
0.100513 9.219233425590594e-17
0.100735 9.464923566625976e-17
0.100958 9.178607763146548e-17
0.101182 8.759879078401923e-17
0.101407 9.353942829227796e-17
0.101633 9.391267501509837e-17
0.10186 9.385930005717394e-17
0.102088 9.343253047469627e-17
0.102317 9.466011139321648e-17
0.102548 9.399624643333424e-17
0.102779 8.799113327473954e-17
0.103011 9.270981430474546e-17
0.103244 9.330282882196781e-17
0.103479 9.388662147766534e-17
0.103714 9.478523937256892e-17
0.103951 9.460010342214382e-17
0.104188 8.878156804593676e-17
0.104427 9.421974211130612e-17
0.104667 9.471786739417365e-17
0.104908 9.226642874896596e-17
0.10515 8.365642689411177e-17
0.105393 9.502435079621395e-17
0.105637 9.53136741831113e-17
0.105882 9.144717867825461e-17
0.106129 9.262062583790099e-17
0.106377 9.598803721125514e-17
0.106625 8.520100374851942e-17
0.106876 9.505341209881792e-17
0.107127 8.701886435302076e-17
0.107379 9.386857202129195e-17
0.107633 9.062143003391761e-17
0.107887 9.150638763420239e-17
0.108143 9.206793685843886e-17
0.1084 9.152965200838839e-17
0.108659 9.049610997033531e-17
0.108919 8.971972033950497e-17
0.109179 9.08045710480742e-17
0.109442 8.849375246486529e-17
0.109705 8.888652158551012e-17
0.10997 9.023044748557979e-17
0.110236 9.051482397947851e-17
0.110503 8.993031429026268e-17
0.110771 9.02542810813408e-17
0.111041 9.007967512145345e-17
0.111312 8.969635835906118e-17
0.111585 9.166117311178422e-17
0.111859 9.16448176032127e-17
0.112134 9.195801990232732e-17
0.11241 9.172330842906444e-17
0.112688 9.084984928994417e-17
0.112968 9.160705280800353e-17
0.113248 9.151707081084767e-17
0.11353 9.139173269656834e-17
0.113814 9.17154309803969e-17
0.114099 9.204368790913278e-17
0.114385 9.242735206687026e-17
0.114673 9.08720260841431e-17
0.114962 9.108918392128108e-17
0.115253 9.1301583785689e-17
0.115545 9.203048509233895e-17
0.115839 9.259949350199555e-17
0.116133 9.162032145669843e-17
0.11643 9.223887792907853e-17
0.116728 9.295828680541295e-17
0.117028 9.321392839281559e-17
0.117329 9.184303170586662e-17
0.117632 9.223454531838414e-17
0.117936 9.255547440695112e-17
0.118242 9.204474760735086e-17
0.11855 9.309569772628528e-17
0.118859 9.176306501863836e-17
0.11917 9.306957081582256e-17
0.119482 9.35768261671016e-17
0.119796 9.327705185901753e-17
0.120112 9.335188916340708e-17
0.120429 9.317877813620445e-17
0.120748 9.397575233433667e-17
0.121069 9.313433355123003e-17
0.121391 9.290474832859354e-17
0.121715 9.262811180762784e-17
0.122041 9.283888399144365e-17
0.122369 9.254302921935838e-17
0.122698 9.196159839765495e-17
0.123029 9.182046994611112e-17
0.123362 9.271342205573518e-17
0.123697 9.411575081393575e-17
0.124034 9.345772633816171e-17
0.124372 9.349586656050207e-17
0.124713 9.279389642984484e-17
0.125055 9.234262398561431e-17
0.125399 9.40624770251617e-17
0.125745 9.401033736597614e-17
0.126093 9.328302288822919e-17
0.126442 9.36388370221486e-17
0.126794 9.221893686435871e-17
0.127148 9.410916307494952e-17
0.127503 9.414674537849314e-17
0.127861 9.387756389152441e-17
0.128221 9.365209806156759e-17
0.128582 9.478067803476937e-17
0.128946 9.448557518439882e-17
0.129312 9.516049910616945e-17
0.12968 9.467223090964626e-17
0.13005 9.34795926435299e-17
0.130422 9.546841475406447e-17
0.130796 9.546421620515055e-17
0.131172 9.521233395070624e-17
0.131551 9.557946850838788e-17
0.131932 9.559921171060354e-17
0.132315 9.601306000683195e-17
0.1327 9.57011620442112e-17
0.133087 9.473893780615141e-17
0.133477 9.556492233668117e-17
0.133869 9.56951243687806e-17
0.134264 9.526426283638306e-17
0.13466 9.612881997825783e-17
0.135059 9.525772630931339e-17
0.13546 9.626287122404259e-17
0.135864 9.544129230757424e-17
0.13627 9.639007344778467e-17
0.136679 9.532875281668057e-17
0.13709 9.58368236217669e-17
0.137504 9.617830326999707e-17
0.13792 9.544276472230134e-17
0.138338 9.476337313700716e-17
0.138759 8.240430695706289e-17
0.139183 9.334303361592383e-17
0.139609 9.607270332589854e-17
0.140038 9.559670231489367e-17
0.14047 9.411347539143202e-17
0.140904 9.575194647390808e-17
0.141341 9.521178586603154e-17
0.14178 9.563888652371216e-17
0.142223 9.491859720735834e-17
0.142668 9.59522827350848e-17
0.143116 9.552650996325637e-17
0.143567 9.588774627802752e-17
0.14402 9.563567141430828e-17
0.144477 9.420217088309052e-17
0.144936 9.665390637142368e-17
0.145399 9.625402765754621e-17
0.145864 9.216404158154498e-17
0.146332 9.472933993585747e-17
0.146803 9.696859681588437e-17
0.147277 9.66120308119538e-17
0.147755 9.378800786809964e-17
0.148235 9.418549209502298e-17
0.148719 9.41997415390546e-17
0.149206 9.539146336683607e-17
0.149696 9.622490947483803e-17
0.150189 9.819261164823345e-17
0.150686 9.754571832155856e-17
0.151185 9.696359550768386e-17
0.151689 9.615735555593289e-17
0.152195 9.698148083805176e-17
0.152705 9.795515839009215e-17
0.153218 9.716561664637499e-17
0.153735 9.708237923184002e-17
0.154255 9.717136673148905e-17
0.154779 9.52718308524448e-17
0.155306 9.709404874406157e-17
0.155837 9.719287103784316e-17
0.156372 9.776655476969817e-17
0.15691 9.662308757847284e-17
0.157452 9.577860585434188e-17
0.157998 9.729188352202189e-17
0.158547 9.630945188069518e-17
0.159101 9.813201379055647e-17
0.159658 9.45593789550698e-17
0.160219 9.572758686401008e-17
0.160784 9.412394279047527e-17
0.161354 9.576169205342602e-17
0.161927 9.580324316071925e-17
0.162504 9.61753579140232e-17
0.163085 9.442541694979622e-17
0.163671 9.526044615199694e-17
0.164261 9.5429535780937e-17
0.164855 9.498987391159677e-17
0.165453 9.425745538864798e-17
0.166056 9.482084280863503e-17
0.166663 9.436929513009248e-17
0.167275 9.613399958583305e-17
0.167891 9.36770295860639e-17
0.168512 9.27771038142493e-17
0.169137 9.405125849500069e-17
0.169767 9.546036952923192e-17
0.170402 9.452369957449437e-17
0.171041 9.13357945601147e-17
0.171685 9.323640317713113e-17
0.172334 9.349194850676727e-17
0.172988 8.868051594774776e-17
0.173647 9.315762570380488e-17
0.174311 9.248189310896731e-17
0.17498 9.194449063717193e-17
0.175655 9.071253657529307e-17
0.176334 9.070297068098559e-17
0.177019 9.161616556830392e-17
0.177709 9.188540019751449e-17
0.178405 9.437696589645987e-17
0.179106 9.404937443294714e-17
0.179812 9.5410926072846e-17
0.180524 9.356258477611552e-17
0.181242 9.243609945852283e-17
0.181966 8.919652009835281e-17
0.182695 9.200412750940247e-17
0.18343 9.607447306679483e-17
0.184171 9.576608009290633e-17
0.184918 9.227225009831473e-17
0.185672 9.448807716990908e-17
0.186431 9.427911805157688e-17
0.187197 8.287818110164455e-17
0.187969 9.086589554216783e-17
0.188747 9.545735823968156e-17
0.189532 9.467229630692913e-17
0.190323 9.576036906589749e-17
0.191121 9.557828008453583e-17
0.191926 9.54280196240585e-17
0.192738 9.416597580739219e-17
0.193556 9.120639939775493e-17
0.194381 9.312775017726795e-17
0.195214 9.406938639966515e-17
0.196053 9.328306584665918e-17
0.1969 9.22065156969162e-17
0.197755 9.345424025442802e-17
0.198616 9.056809046712092e-17
0.199485 9.3529284326924e-17
0.200362 9.006675402415183e-17
0.201247 9.038315792254199e-17
0.202139 9.419247557145288e-17
0.20304 9.054771832888028e-17
0.203948 8.953864362589132e-17
0.204865 8.844427193172887e-17
0.20579 8.805726880407492e-17
0.206723 8.770044786266933e-17
0.207665 8.767002112400215e-17
0.208615 8.93769255049798e-17
0.209574 8.119044302639075e-17
0.210542 8.516481575335136e-17
0.211519 8.16834761011453e-17
0.212505 8.553309972954324e-17
0.213501 8.644218006003966e-17
0.214506 8.741001830764655e-17
0.21552 8.66355448866819e-17
0.216544 8.73313776503108e-17
0.217577 8.750615696142249e-17
0.218621 8.707087547453316e-17
0.219674 8.871104827050762e-17
0.220738 8.649534020641542e-17
0.221812 8.134864271049584e-17
0.222897 8.589549982752955e-17
0.223992 8.449692631183313e-17
0.225098 8.562711488928436e-17
0.226215 8.54596699464972e-17
0.227344 8.407434861345449e-17
0.228483 7.770679754967496e-17
0.229634 6.089095860507059e-17
0.230797 7.058309717220181e-17
0.231972 6.7368055354965e-17
0.233158 7.705675412439185e-17
0.234357 7.336366366771374e-17
0.235568 8.18559043904716e-17
0.236792 8.113277139579178e-17
0.238028 7.422698341771639e-17
0.239278 8.188508632364192e-17
0.24054 7.81556017432577e-17
0.241816 7.456961677645731e-17
0.243106 7.398084904267287e-17
0.24441 7.008295595539365e-17
0.245727 7.109155458319378e-17
0.247059 6.857815726609799e-17
0.248405 6.705573253083765e-17
0.249767 6.609541156338872e-17
0.250453 6.21732272715518e-17
0.251143 6.22083111574595e-17
0.252534 6.212442916285762e-17
0.253941 6.221332475702866e-17
0.255364 6.269937492489104e-17
0.256802 6.39175045747928e-17
0.258257 6.360959218039505e-17
0.259729 6.400771316152469e-17
0.261217 6.376582914803008e-17
0.262723 6.407238808830213e-17
0.264246 6.441752151690869e-17
0.265787 6.465032481510995e-17
0.267346 6.486266839308132e-17
0.268923 6.476074127422014e-17
0.270519 6.478278453487355e-17
0.272134 6.53198849603182e-17
0.273768 6.594775429524111e-17
0.275422 6.66646358563597e-17
0.277097 6.681357515194025e-17
0.278792 6.725359607702261e-17
0.280507 6.726666728868343e-17
0.282244 6.680068427331814e-17
0.284003 6.796153997339561e-17
0.285783 6.77930247117897e-17
0.287586 6.871991461305903e-17
0.289412 6.932709640088178e-17
0.291261 6.948601587175843e-17
0.293135 7.017026411777852e-17
0.295032 7.042043625465901e-17
0.296954 7.082205286967512e-17
0.298901 7.144344880821194e-17
0.300874 7.168916322208882e-17
0.302873 7.193287379867757e-17
0.304899 7.240627596306728e-17
0.306952 7.299471398238902e-17
0.309035 7.298076496251836e-17
0.311142 7.393144782125246e-17
0.31328 7.455581314202202e-17
0.314904 7.451609902971121e-17
0.315995 7.479161500147245e-17
0.317096 7.500762444342733e-17
0.318203 7.521424686663904e-17
0.319316 7.48206042440635e-17
0.320438 7.529631306490973e-17
0.321569 7.507300693121575e-17
0.322707 7.606977140947881e-17
0.323853 7.631213625256566e-17
0.325009 7.549933236237633e-17
0.32617 7.48944457558624e-17
0.327341 7.688475082408936e-17
0.328521 7.749099033222272e-17
0.32971 7.70952482453311e-17
0.330908 7.731034497661311e-17
0.332112 7.742139837040357e-17
0.333326 7.835512561673891e-17
0.334551 7.856143564042862e-17
0.335783 7.864588632127745e-17
0.337023 7.926143141944346e-17
0.338273 7.93807341591039e-17
0.339535 8.051722732504385e-17
0.340803 8.036142166453135e-17
0.34208 8.034785944952676e-17
0.34337 8.172505305603397e-17
0.344668 8.179318337866858e-17
0.345976 8.149514019427331e-17
0.347296 8.158204945410377e-17
0.348621 8.160062989616633e-17
0.34996 8.212977086735024e-17
0.35131 8.247849186628633e-17
0.352669 8.291255744399749e-17
0.354037 8.331736207007882e-17
0.355418 8.321814124600665e-17
0.356811 8.362212722958316e-17
0.358213 8.333612665471824e-17
0.359624 8.422499836008474e-17
0.36105 8.43569193386434e-17
0.362053 8.439455182165209e-17
0.362774 8.307702025641739e-17
0.363933 8.478790629973063e-17
0.365389 7.798879519051987e-17
0.366861 8.574774567877439e-17
0.368342 8.628261743161915e-17
0.369838 8.68966254190186e-17
0.371343 8.736782238528477e-17
0.372864 8.763524622076739e-17
0.374393 8.740510748187504e-17
0.375938 8.835403974133146e-17
0.377495 8.81449247204104e-17
0.379064 8.832942660418566e-17
0.380646 8.880951763109498e-17
0.382242 8.846060620694773e-17
0.383851 8.95201108300128e-17
0.385475 9.007183513341848e-17
0.387111 9.082019105968057e-17
0.388762 9.092127373082352e-17
0.390428 9.088671595955635e-17
0.392107 8.770672835137619e-17
0.393801 9.216758564934068e-17
0.39551 9.303278267435472e-17
0.397234 9.164099822096801e-17
0.39897 9.448896919815572e-17
0.400725 9.481658540956157e-17
0.402495 9.494771361737218e-17
0.40428 9.455809435079866e-17
0.40608 9.559053916640486e-17
0.407895 9.587942286779148e-17
0.409729 9.592959505474552e-17
0.411578 9.662849406373611e-17
0.413445 9.759642536789956e-17
0.41533 9.811113755579925e-17
0.417231 9.725566577154598e-17
0.41915 9.812399263381338e-17
0.421084 9.822049334681902e-17
0.423039 9.907706006639671e-17
0.42501 9.777569489887543e-17
0.427002 9.896946240092835e-17
0.429012 9.98137589334193e-17
0.43104 9.969985144350307e-17
0.433086 9.912119088396059e-17
0.435154 9.774206523709787e-17
0.43724 1.000850271216044e-16
0.438715 9.888832282618783e-17
0.439561 1.0221438294402301e-16
0.441476 9.730906759128105e-17
0.443623 9.460742261814682e-17
0.445794 9.970017283836919e-17
0.447984 9.91515279538821e-17
0.450198 1.0223443735429021e-16
0.45243 1.009638984168411e-16
0.454686 1.0107429276904894e-16
0.456967 9.952397447937225e-17
0.4595 1.0031048060500027e-16
0.461361 1.0301619652552719e-16
0.463471 1.0094030466033148e-16
0.466318 9.726896868437322e-17
0.468714 1.0190566120255362e-16
0.471138 1.0061492578678225e-16
0.473583 9.742477493789653e-17
0.476058 9.97209738807265e-17
0.478554 1.0175264591942481e-16
0.481081 9.857779763780735e-17
0.483633 1.0066175808464837e-16
0.486212 1.0460877374502648e-16
0.488821 1.0361082008913266e-16
0.491454 1.0275139131581591e-16
0.494118 1.0179965617718302e-16
0.496812 1.0552651872782999e-16
0.499534 1.0620914462861952e-16
0.502286 1.0541201403968043e-16
0.505068 1.0876739098688266e-16
0.507881 1.0835957953872093e-16
0.510728 1.0791937243602275e-16
0.513604 1.0672594555625044e-16
0.516514 1.0850381573120643e-16
0.519458 1.096134914289554e-16
0.522435 1.0897847121721673e-16
0.525446 1.0944802049088888e-16
0.528493 1.0685708216875551e-16
0.531573 1.079497923316168e-16
0.53469 1.1022690447353156e-16
0.537847 1.1086343002813739e-16
0.541036 1.129128868554722e-16
0.543618 1.1458511664812237e-16
0.545245 1.0711966632678165e-16
0.547538 1.1080381441107274e-16
0.550844 1.1000699746615456e-16
0.554195 1.0988866851121679e-16
0.557582 1.0915597449969781e-16
0.561015 1.065586748911658e-16
0.564488 1.0573233205314679e-16
0.568006 1.0662160387618111e-16
0.571567 1.0748323053699212e-16
0.575174 1.0699493301847638e-16
0.578823 1.0550926828893558e-16
0.582524 1.0148512972433012e-16
0.58627 9.475449278340075e-17
0.590062 9.432921302488321e-17
0.593909 1.0073767220870794e-16
0.597802 1.0907956847950501e-16
0.600955 1.0987692863870786e-16
0.602941 1.0838650470510465e-16
0.605748 1.1262450914641254e-16
0.609798 1.1594171261541198e-16
0.613903 1.1736905590094292e-16
0.618066 1.1751381111662646e-16
0.622284 1.1688982574322544e-16
0.626563 1.2002591106529605e-16
0.630026 1.224079461812257e-16
0.63221 1.2269662341430812e-16
0.635296 1.2206063112887346e-16
0.639754 1.1863174296322842e-16
0.644273 1.220551506796127e-16
0.648859 1.0664519954752797e-16
0.653511 1.0728806464876136e-16
0.658231 1.2541616341064155e-16
0.663017 1.2648624830291231e-16
0.667874 1.2726371923978014e-16
0.672803 1.3051208000735413e-16
0.677805 1.313377921132665e-16
0.682884 1.287716946799111e-16
0.688035 1.3081345347829419e-16
0.693268 1.3345194604093347e-16
0.698581 1.2670767185390844e-16
0.703976 1.255014695534172e-16
0.709455 1.3220835793309076e-16
0.715017 1.312296320709751e-16
0.72067 1.2669900702085865e-16
0.726412 1.2569465526644135e-16
0.732247 1.2716626364836258e-16
0.738177 1.263461495614957e-16
0.744204 1.1858094614063767e-16
0.750329 1.0424401047411123e-16
0.756553 1.1479210271774827e-16
0.762885 1.202720493764451e-16
0.769322 1.239950109242241e-16
0.775872 1.0376887566861815e-16
0.782532 1.2718236928103266e-16
0.789307 1.282361619183674e-16
0.796198 1.280600040423642e-16
0.803213 1.313619271626549e-16
0.810354 1.2089574369956726e-16
0.817621 1.304309360954293e-16
0.82502 1.3085029653956773e-16
0.832555 1.3359254123363812e-16
0.840228 1.257041776319587e-16
0.848046 1.3099351961726517e-16
0.856007 1.2558923389033288e-16
0.86412 1.3621609038596717e-16
0.872392 1.3915740171466824e-16
0.880821 1.214927916060943e-16
0.889412 1.0846632133672695e-16
0.898176 1.248432342535857e-16
0.907113 1.2147217596530957e-16
0.91623 1.0920851739377894e-16
0.925532 1.113661769555665e-16
0.935023 8.119752866111478e-17
0.944714 1.2500624539686236e-16
0.954606 1.179735942821726e-16
0.964708 1.114119591360796e-16
0.975026 9.694834757542025e-17
0.985566 8.145154211780229e-17
0.996337 6.507057002223614e-17
1.00735 1.9028243975313832e-17
1.0186 1.888339645481123e-17
1.03011 1.82519349046863e-17
1.04188 1.7569059401349798e-17
1.05393 1.698471293902506e-17
1.06625 1.6134767482977495e-17
1.07887 1.53101170565933e-17
1.09179 1.3625997696878352e-17
1.10503 1.434160018897375e-17
1.11859 1.4172348109827598e-17
1.13248 1.4208859215646682e-17
1.14673 1.4338569020454088e-17
1.16133 1.4105702213955763e-17
1.17632 1.3521544793293314e-17
1.1917 1.2876413395337333e-17
1.20748 1.2525659777405811e-17
1.22369 1.2094057001867186e-17
1.24034 1.1648103238725388e-17
1.25571 1.1286700767383845e-17
1.27325 1.0938508564980244e-17
1.29312 9.825765863596095e-18
1.31172 1.0243727363068672e-17
1.33087 9.524270277124313e-18
1.35059 9.780559764520268e-18
1.3709 9.42652690017115e-18
1.38549 9.024260245627962e-18
1.40254 8.93555456527846e-18
1.42445 8.618732688418673e-18
1.44706 8.339386671600278e-18
1.4704 8.111054344315917e-18
1.49451 7.609196705428876e-18
1.51941 7.12966314434515e-18
1.54517 7.162850901697565e-18
1.57181 6.748031655014663e-18
1.59938 6.5606521409727306e-18
1.62794 6.207408280170213e-18
1.65754 5.720736062582022e-18
1.68824 5.4739145195113895e-18
1.72009 5.494225891655514e-18
1.75317 5.497766760312346e-18
1.78056 5.462342291101905e-18
1.80168 4.8030677339033266e-18
1.8233 3.929650363470009e-18
1.86051 3.757742452608074e-18
1.89927 3.613894009836182e-18
1.93968 3.477022581356887e-18
1.98184 3.265767112370565e-18
2.02139 3.106810835789832e-18
2.06723 2.958710760455484e-18
2.12011 2.825708846005686e-18
2.16031 2.737128654290121e-18
2.20205 2.6502687224029002e-18
2.25098 2.533984833484824e-18
2.30797 2.419152303111091e-18
2.36792 2.3123230649178614e-18
2.43106 2.2465387353283603e-18
2.49084 2.1881183649546564e-18
2.55364 2.129514547261366e-18
2.61968 2.0637814816248537e-18
2.69718 1.9628549665942576e-18
2.77941 1.864663248491507e-18
2.86682 1.7690593823417082e-18
2.9599 1.675857206224412e-18
3.02873 1.6121197970155661e-18
3.07989 1.5596609950803289e-18
3.14362 1.4958774357280156e-18
3.21004 1.4337710635991625e-18
3.27341 1.378255744261103e-18
3.33326 1.3289272633461788e-18
3.39535 1.2775179506276207e-18
3.45322 1.226027781197562e-18
3.50635 1.1815434886837662e-18
3.55004 1.1464964417480727e-18
3.61193 1.0996004558113086e-18
3.69838 1.0389994345357824e-18
3.79855 9.751479479668023e-19
3.89592 9.09161865716858e-19
3.9637 8.67206473661267e-19
4.01963 7.767914043363982e-20
4.08811 6.209942961632149e-20
4.14762 5.146008641828546e-20
4.21668 4.1684587788886575e-20
4.33086 2.992226130317666e-20
4.44706 2.6061230128301385e-20
4.51758 2.4270694916726428e-20
4.595 2.2496870646285795e-20
4.70165 2.0337422510255745e-20
4.77302 1.905131295412879e-20
4.8987 1.7200509490835506e-20
5.01732 1.571361872409513e-20
5.05911 1.5234303772770944e-20
5.15639 1.4200983119881936e-20
5.2575 1.326841086284581e-20
5.35319 1.2468419658126737e-20
5.49186 1.1432887003946715e-20
5.62746 1.0541482963081552e-20
5.74085 9.789509027182008e-21
5.87402 8.861287172444782e-21
6.0374 7.879060063497771e-21
6.19325 7.083146285320664e-21
6.36181 6.348517355514629e-21
6.5211 5.753041557547955e-21
6.67384 5.324779290590878e-21
6.80843 5.0883820416164e-21
6.88555 4.963761556625455e-21
6.98581 4.812235927849093e-21
7.10006 4.55710999414855e-21
7.17268 4.393368290999557e-21
7.30486 4.127816770796774e-21
7.51566 4.040633044486372e-21
7.73896 4.051339246750558e-21
7.99692 4.067997817007577e-21
8.25768 4.081494458582611e-21
8.46471 4.086826597919132e-21
8.63302 4.086856710881296e-21
8.78273 4.0833857718981586e-21
8.93772 3.721920661181735e-21
9.15308 3.0416308975172586e-21
9.3311 2.3659764155715736e-21
9.48646 1.9068139091201687e-21
9.75026 1.3036223907119341e-21
10.0291 8.191216620403265e-22
10.294 4.006731230879445e-22
11.7646 3.779268182528397e-22
13.2352 5.123459543161561e-22
14.7058 5.545922689559336e-22
22.0586 4.315830811445176e-22
23.5292 2.736607489508415e-22
24.9998 3.3059380510147846e-22
26.4704 4.859072860002655e-22
27.941 3.784134038248413e-22
29.4115 2.577280045136165e-22
30.8822 2.926621216758791e-22
32.3528 2.714226655236768e-22
33.8234 2.539563117970501e-22
35.294 2.2008807465578977e-22
36.7646 4.052989803974961e-22
38.2348 2.298810069384295e-22
39.7054 2.2744642301651174e-22
41.176 3.525836839838274e-22
42.6466 4.561070773677967e-22
44.1172 1.9195229945905856e-22
45.5878 2.0066175547583468e-22
47.0584 1.5276517878183054e-22
48.529 3.151214826725033e-21
49.9996 1.1496849606026934e-22
51.4702 2.196186973310521e-22
52.9408 4.1932109497123074e-21
54.4114 2.2632827385907295e-21
55.882 8.815641307234733e-22
57.3526 5.605241273194662e-21
58.8232 2.61007935305881e-21
60.2938 7.898718041369152e-21
61.7644 5.975136226913738e-22
63.2347 4.30255480712425e-21
64.7052 3.7445886033952934e-22
66.1758 1.700376958139871e-21
67.6464 2.1357775206820293e-21
69.117 2.1893715723568396e-22
70.5876 5.307146927856888e-22
72.0582 1.6907775676892666e-22
73.5288 4.2666951207593e-22
88.2345 1.591509777967269e-22
102.94 1.9568201473569202e-22
117.646 4.745897311384624e-23
132.352 2.4883575128118577e-23
147.058 1.68019887506983e-23
161.764 1.5382973284163797e-23
176.469 7.57288997198106e-24
191.175 5.4113605827268754e-24
205.881 3.7450493752190555e-24
220.586 2.65421570380964e-24
235.292 2.831095455285334e-24
249.998 1.4724771374501077e-24
264.704 1.0737373008727903e-24
279.41 8.284854368463253e-25
294.115 6.816830977589891e-25
308.822 5.560172539172012e-25
323.528 4.515814924910547e-25
338.234 3.9383403054503363e-25
352.94 3.4198339591460193e-25
367.646 3.0642946287633984e-25
382.348 2.8074981188261805e-25
397.054 2.565157484269393e-25
411.76 2.380322823335797e-25
426.466 2.223029529600987e-25
441.172 2.0858909014254816e-25
455.878 1.9629574687105148e-25
470.584 1.8489900211303471e-25
485.29 1.8316680386658198e-25
499.996 6.222427107539649e-25
514.702 6.41667897746385e-25
529.408 1.4992330408998985e-25
544.114 1.4339142097734105e-25
558.82 1.3719795575654622e-25
573.526 3.1929686316438886e-25
588.232 1.2590482536541808e-25
602.938 1.258179229931889e-25
617.644 1.1589434056440327e-25
632.347 1.1120244806376067e-25
647.052 1.301713976019775e-25
661.758 1.2408321794753725e-25
676.464 1.0832130018447027e-25
691.17 1.0025692716154924e-25
705.876 9.645244157732382e-26
720.582 9.281424033996e-26
735.288 8.949774499979074e-26
1102.93 4.5678644322774263e-26
1470.58 1.8985076613063187e-26
1838.22 8.06698845008524e-27
7294690.0 3.075007017340111e-47
